tool_adapters/Deltares_HABITAT/example_maps/Tenryuu_river/standard_maps/flow_velocity_ascending_max.asc
ncols          735
nrows          17
xllcorner     -64032,966414116
yllcorner     -127089,81923263
cellsize      12
NODATA_value  -9999
[rows 0 to 16 of 17, columns 355 to 425 of 735]
0.0000 0.0000 0.0000 0.0000 0.0000 0.0000 0.0000 0.0000 0.0000 0.0000 0.0000 0.0000 0.0000 0.0000 0.0000 0.0000 0.0000 0.0000 0.0000 0.0000 0.0000 0.0000 0.0000 0.0000 0.0000 0.0000 0.0000 0.0000 0.0000 0.0000 0.0000 0.0000 0.0000 0.0000 0.0000 0.0000 0.0000 0.0000 0.0000 0.0000 0.0000 0.0000 0.0000 0.0000 0.0000 0.0000 0.0000 0.0000 0.0000 0.0000 0.0000 0.0000 0.0000 0.0000 0.0000 0.0000 0.0000 0.0000 0.0000 0.0000 0.0000 0.0000 0.0000 0.0000 0.0000 0.0000 0.0000 0.0000 0.0000 0.0000 0.0000
0.2556 0.2924 0.2880 0.2858 0.2907 0.2769 0.2504 0.2502 0.2451 0.2410 0.2401 0.2429 0.2489 0.2560 0.2627 0.2674 0.2704 0.2721 0.2725 0.2711 0.2688 0.2663 0.2642 0.2626 0.2644 0.2669 0.2679 0.2656 0.2452 0.2541 0.2429 0.2402 0.2172 0.2176 0.2175 0.2260 0.2273 0.2280 0.2210 0.2226 0.2408 0.2266 0.2458 0.2366 0.2300 0.2255 0.2246 0.2108 0.1946 0.1984 0.2442 0.2521 0.2180 0.2383 0.2270 0.1619 0.1608 0.1670 0.1319 0.1536 0.1392 0.1341 0.1391 0.1053 0.0909 0.0000 0.0000 0.0000 0.0000 0.0000 0.0000
0.2657 0.2794 0.2820 0.2831 0.2849 0.2759 0.2613 0.2545 0.2486 0.2439 0.2422 0.2436 0.2480 0.2536 0.2592 0.2636 0.2666 0.2683 0.2687 0.2679 0.2663 0.2643 0.2628 0.2619 0.2627 0.2631 0.2624 0.2612 0.2503 0.2478 0.2402 0.2357 0.2224 0.2196 0.2188 0.2223 0.2226 0.2244 0.2240 0.2260 0.2334 0.2300 0.2366 0.2348 0.2295 0.2273 0.2230 0.2190 0.2133 0.2142 0.2294 0.2533 0.2407 0.2286 0.2141 0.2018 0.1883 0.1792 0.1726 0.1692 0.1695 0.1753 0.1677 0.1648 0.1650 0.1561 0.1600 0.1702 0.1700 0.1620 0.1580
0.2706 0.2770 0.2788 0.2765 0.2748 0.2707 0.2630 0.2563 0.2509 0.2467 0.2445 0.2445 0.2469 0.2505 0.2545 0.2581 0.2607 0.2623 0.2629 0.2624 0.2611 0.2596 0.2584 0.2578 0.2578 0.2573 0.2557 0.2525 0.2476 0.2427 0.2354 0.2301 0.2233 0.2193 0.2175 0.2184 0.2186 0.2192 0.2205 0.2236 0.2261 0.2269 0.2275 0.2279 0.2252 0.2239 0.2217 0.2190 0.2161 0.2178 0.2320 0.2494 0.2434 0.2312 0.2230 0.2142 0.2044 0.1972 0.1917 0.1888 0.1886 0.1917 0.1913 0.1908 0.1877 0.1823 0.1767 0.1743 0.1794 0.1734 0.1734
0.2711 0.2722 0.2722 0.2706 0.2669 0.2620 0.2570 0.2530 0.2491 0.2459 0.2439 0.2433 0.2443 0.2464 0.2491 0.2517 0.2538 0.2550 0.2553 0.2548 0.2541 0.2526 0.2512 0.2500 0.2494 0.2484 0.2466 0.2433 0.2391 0.2342 0.2285 0.2234 0.2182 0.2152 0.2133 0.2127 0.2124 0.2131 0.2140 0.2158 0.2176 0.2183 0.2190 0.2181 0.2177 0.2165 0.2159 0.2149 0.2143 0.2159 0.2247 0.2381 0.2348 0.2295 0.2236 0.2178 0.2116 0.2063 0.2023 0.1998 0.1987 0.2003 0.1998 0.1993 0.1955 0.1903 0.1873 0.1863 0.1860 0.1845 0.1806
0.2658 0.2640 0.2620 0.2594 0.2572 0.2523 0.2487 0.2451 0.2431 0.2405 0.2391 0.2385 0.2389 0.2400 0.2418 0.2439 0.2457 0.2468 0.2468 0.2462 0.2448 0.2435 0.2417 0.2401 0.2390 0.2374 0.2355 0.2326 0.2283 0.2236 0.2181 0.2136 0.2101 0.2074 0.2054 0.2043 0.2039 0.2043 0.2051 0.2059 0.2066 0.2074 0.2078 0.2080 0.2075 0.2073 0.2070 0.2070 0.2073 0.2080 0.2121 0.2267 0.2251 0.2225 0.2188 0.2147 0.2104 0.2063 0.2039 0.2021 0.2008 0.2010 0.2003 0.1996 0.1980 0.1947 0.1913 0.1879 0.1842 0.1837 0.1858
0.2544 0.2515 0.2481 0.2448 0.2435 0.2401 0.2364 0.2332 0.2334 0.2310 0.2299 0.2295 0.2299 0.2308 0.2323 0.2341 0.2358 0.2369 0.2366 0.2360 0.2342 0.2322 0.2306 0.2286 0.2268 0.2251 0.2231 0.2212 0.2167 0.2112 0.2053 0.2025 0.1993 0.1975 0.1954 0.1938 0.1931 0.1931 0.1933 0.1937 0.1940 0.1943 0.1948 0.1953 0.1960 0.1963 0.1967 0.1971 0.1979 0.1986 0.1988 0.2136 0.2135 0.2120 0.2096 0.2065 0.2032 0.2003 0.1994 0.1979 0.1970 0.1967 0.1959 0.1949 0.1933 0.1911 0.1886 0.1859 0.1834 0.1814 0.1796
0.2393 0.2354 0.2319 0.2284 0.2253 0.2244 0.2213 0.2196 0.2183 0.2164 0.2176 0.2176 0.2181 0.2191 0.2205 0.2222 0.2236 0.2243 0.2239 0.2235 0.2219 0.2195 0.2170 0.2149 0.2127 0.2117 0.2101 0.2084 0.2044 0.1989 0.1936 0.1895 0.1871 0.1859 0.1837 0.1818 0.1811 0.1803 0.1801 0.1798 0.1799 0.1802 0.1806 0.1815 0.1827 0.1841 0.1853 0.1865 0.1876 0.1886 0.1890 0.1977 0.1996 0.1983 0.1968 0.1952 0.1934 0.1918 0.1908 0.1901 0.1893 0.1887 0.1878 0.1866 0.1854 0.1831 0.1812 0.1794 0.1779 0.1761 0.1749
0.2204 0.2171 0.2133 0.2095 0.2060 0.2047 0.2030 0.2021 0.2021 0.2014 0.2017 0.2019 0.2032 0.2048 0.2062 0.2076 0.2088 0.2092 0.2092 0.2080 0.2063 0.2031 0.1993 0.1979 0.1972 0.1966 0.1958 0.1943 0.1903 0.1845 0.1806 0.1766 0.1745 0.1724 0.1707 0.1686 0.1672 0.1663 0.1657 0.1651 0.1648 0.1648 0.1655 0.1671 0.1694 0.1715 0.1733 0.1749 0.1762 0.1778 0.1794 0.1812 0.1843 0.1829 0.1825 0.1823 0.1816 0.1809 0.1804 0.1796 0.1789 0.1781 0.1769 0.1759 0.1745 0.1729 0.1714 0.1704 0.1696 0.1689 0.1685
0.1992 0.1955 0.1919 0.1887 0.1858 0.1844 0.1832 0.1828 0.1833 0.1836 0.1840 0.1848 0.1861 0.1882 0.1900 0.1906 0.1909 0.1908 0.1896 0.1922 0.1864 0.1831 0.1774 0.1789 0.1797 0.1795 0.1790 0.1775 0.1737 0.1693 0.1657 0.1624 0.1599 0.1575 0.1554 0.1536 0.1517 0.1505 0.1496 0.1490 0.1484 0.1483 0.1497 0.1528 0.1560 0.1593 0.1607 0.1622 0.1632 0.1648 0.1667 0.1690 0.1645 0.1665 0.1678 0.1684 0.1684 0.1682 0.1683 0.1677 0.1666 0.1655 0.1638 0.1630 0.1624 0.1618 0.1610 0.1604 0.1601 0.1599 0.1600
0.1765 0.1725 0.1691 0.1661 0.1632 0.1631 0.1636 0.1640 0.1641 0.1639 0.1642 0.1657 0.1671 0.1709 0.1709 0.1706 0.1708 0.1695 0.1738 0.1716 0.1670 0.1558 0.1509 0.1553 0.1593 0.1607 0.1607 0.1582 0.1553 0.1521 0.1491 0.1462 0.1437 0.1411 0.1389 0.1369 0.1345 0.1330 0.1319 0.1315 0.1312 0.1316 0.1336 0.1368 0.1412 0.1458 0.1478 0.1488 0.1489 0.1505 0.1507 0.1520 0.1492 0.1500 0.1528 0.1525 0.1533 0.1541 0.1549 0.1545 0.1536 0.1528 0.1516 0.1503 0.1503 0.1501 0.1494 0.1493 0.1493 0.1495 0.1504
0.1505 0.1460 0.1432 0.1410 0.1383 0.1393 0.1417 0.1426 0.1421 0.1411 0.1406 0.1428 0.1432 0.1455 0.1476 0.1460 0.1486 0.1505 0.1532 0.1446 0.1359 0.1250 0.1210 0.1287 0.1375 0.1418 0.1419 0.1391 0.1372 0.1343 0.1321 0.1290 0.1260 0.1236 0.1212 0.1190 0.1165 0.1143 0.1138 0.1141 0.1131 0.1147 0.1169 0.1210 0.1250 0.1304 0.1361 0.1331 0.1338 0.1345 0.1335 0.1343 0.1339 0.1330 0.1374 0.1366 0.1388 0.1406 0.1398 0.1405 0.1402 0.1391 0.1383 0.1372 0.1372 0.1370 0.1369 0.1372 0.1377 0.1384 0.1400
0.1213 0.1199 0.1126 0.1170 0.1089 0.1106 0.1165 0.1156 0.1145 0.1121 0.1068 0.1099 0.1129 0.1137 0.1123 0.1135 0.1194 0.1275 0.1174 0.1056 0.0948 0.0854 0.0922 0.1057 0.1170 0.1228 0.1230 0.1213 0.1196 0.1173 0.1184 0.1113 0.1038 0.1048 0.1064 0.1020 0.0975 0.0946 0.0955 0.0949 0.0943 0.0976 0.1000 0.1048 0.1061 0.1146 0.1219 0.1174 0.1184 0.1148 0.1127 0.1158 0.1165 0.1181 0.1199 0.1215 0.1224 0.1263 0.1258 0.1268 0.1268 0.1259 0.1246 0.1243 0.1239 0.1235 0.1241 0.1246 0.1256 0.1271 0.1293
0.0546 0.0654 0.0631 0.0427 0.0431 0.0623 0.0876 0.0818 0.0690 0.0705 0.0696 0.0672 0.0720 0.0830 0.0821 0.0843 0.0851 0.0811 0.0689 0.0624 0.0555 0.0548 0.0615 0.0746 0.0902 0.1026 0.1027 0.1019 0.0999 0.0878 0.0924 0.0985 0.0911 0.0891 0.0756 0.0680 0.0752 0.0759 0.0769 0.0749 0.0752 0.0774 0.0794 0.0839 0.0903 0.0962 0.1008 0.0894 0.0953 0.0907 0.0891 0.0936 0.0969 0.0975 0.0996 0.1029 0.1060 0.1103 0.1129 0.1136 0.1119 0.1120 0.1107 0.1090 0.1094 0.1098 0.1087 0.1092 0.1107 0.1125 0.1159
0.0000 0.0000 0.0000 0.0000 0.0000 0.0000 0.0000 0.0000 0.0000 0.0000 0.0000 0.0000 0.0000 0.0000 0.0000 0.0000 0.0000 0.0000 0.0152 0.0184 0.0226 0.0261 0.0290 0.0303 0.0292 0.0179 0.0000 0.0000 0.0000 0.0000 0.0000 0.0000 0.0000 0.0000 0.0000 0.0000 0.0276 0.0402 0.0460 0.0477 0.0554 0.0588 0.0618 0.0590 0.0743 0.0721 0.0652 0.0581 0.0665 0.0719 0.0647 0.0681 0.0783 0.0754 0.0802 0.0879 0.0925 0.0979 0.1000 0.1013 0.0956 0.0962 0.0950 0.0936 0.0964 0.0967 0.0974 0.0978 0.0972 0.0996 0.1038
0.0000 0.0000 0.0000 0.0000 0.0000 0.0000 0.0000 0.0000 0.0000 0.0000 0.0000 0.0000 0.0000 0.0000 0.0000 0.0000 0.0000 0.0000 0.0000 0.0000 0.0000 0.0000 0.0000 0.0000 0.0000 0.0000 0.0000 0.0000 0.0000 0.0000 0.0000 0.0000 0.0000 0.0000 0.0000 0.0000 0.0000 0.0000 0.0000 0.0097 0.0204 0.0190 0.0260 0.0278 0.0238 0.0313 0.0285 0.0194 0.0000 0.0000 0.0169 0.0231 0.0305 0.0411 0.0585 0.0668 0.0666 0.0823 0.0962 0.0767 0.0710 0.0843 0.0805 0.0831 0.0866 0.0909 0.0926 0.0912 0.0865 0.0918 0.0957
0.0000 0.0000 0.0000 0.0000 0.0000 0.0000 0.0000 0.0000 0.0000 0.0000 0.0000 0.0000 0.0000 0.0000 0.0000 0.0000 0.0000 0.0000 0.0000 0.0000 0.0000 0.0000 0.0000 0.0000 0.0000 0.0000 0.0000 0.0000 0.0000 0.0000 0.0000 0.0000 0.0000 0.0000 0.0000 0.0000 0.0000 0.0000 0.0000 0.0000 0.0000 0.0000 0.0000 0.0000 0.0000 0.0000 0.0000 0.0000 0.0000 0.0000 0.0000 0.0000 0.0000 0.0000 0.0000 0.0000 0.0000 0.0000 0.0000 0.0000 0.0000 0.0000 0.0000 0.0000 0.0000 0.0000 0.0000 0.0000 0.0000 0.0000 0.0000
