tool_adapters/Deltares_HABITAT/example_maps/Tenryuu_river/standard_maps/flow_velocity_ascending_mean.asc
ncols          735
nrows          17
xllcorner      -61262.8867
yllcorner      -118292.6406
cellsize       25
[rows 0 to 16 of 17, columns 213 to 283 of 735]
0.0000 0.0000 0.0000 0.0000 0.0000 0.0000 0.0000 0.0000 0.0000 0.0000 0.0000 0.0000 0.0000 0.0000 0.0000 0.0000 0.0000 0.0000 0.0000 0.0000 0.0000 0.0000 0.0000 0.0000 0.0000 0.0000 0.0000 0.0000 0.0000 0.0000 0.0000 0.0000 0.0000 0.0000 0.0000 0.0000 0.0000 0.0000 0.0000 0.0000 0.0000 0.0000 0.0000 0.0000 0.0000 0.0000 0.0000 0.0000 0.0000 0.0000 0.0000 0.0000 0.0000 0.0000 0.0000 0.0000 0.0000 0.0000 0.0000 0.0000 0.0000 0.0000 0.0000 0.0000 0.0000 0.0000 0.0000 0.0000 0.0000 0.0000 0.0000
0.3111 0.2787 0.2254 0.3059 0.3230 0.3147 0.3235 0.3320 0.3550 0.3882 0.3611 0.3822 0.3929 0.4023 0.4060 0.4050 0.4018 0.3961 0.3887 0.3810 0.3738 0.3671 0.3611 0.3557 0.3509 0.3467 0.3434 0.3412 0.3395 0.3375 0.3345 0.3294 0.3214 0.3111 0.2971 0.2818 0.2668 0.2531 0.2410 0.2312 0.2236 0.2169 0.2114 0.2064 0.2019 0.1979 0.1942 0.1906 0.1865 0.1823 0.1800 0.1775 0.1745 0.1741 0.1731 0.1686 0.1655 0.1558 0.1487 0.1431 0.1370 0.1331 0.1273 0.1245 0.1195 0.1130 0.1036 0.0959 0.0862 0.0750 0.0731
0.3785 0.3622 0.3276 0.3411 0.3454 0.3446 0.3468 0.3517 0.3623 0.3718 0.3717 0.3806 0.3865 0.3913 0.3938 0.3937 0.3930 0.3892 0.3835 0.3775 0.3713 0.3653 0.3598 0.3547 0.3500 0.3457 0.3420 0.3392 0.3368 0.3344 0.3314 0.3271 0.3206 0.3116 0.2998 0.2865 0.2728 0.2599 0.2483 0.2381 0.2293 0.2219 0.2154 0.2096 0.2046 0.2001 0.1960 0.1921 0.1885 0.1853 0.1834 0.1822 0.1813 0.1791 0.1752 0.1784 0.1739 0.1712 0.1661 0.1589 0.1531 0.1581 0.1502 0.1452 0.1416 0.1349 0.1298 0.1200 0.1223 0.1260 0.1323
0.3785 0.3740 0.3657 0.3644 0.3614 0.3591 0.3575 0.3580 0.3611 0.3637 0.3639 0.3696 0.3731 0.3756 0.3761 0.3758 0.3754 0.3737 0.3706 0.3674 0.3636 0.3593 0.3551 0.3508 0.3465 0.3424 0.3385 0.3351 0.3320 0.3290 0.3258 0.3219 0.3165 0.3094 0.3002 0.2896 0.2782 0.2669 0.2562 0.2463 0.2375 0.2301 0.2229 0.2163 0.2104 0.2053 0.2006 0.1962 0.1920 0.1888 0.1860 0.1839 0.1821 0.1800 0.1766 0.1788 0.1765 0.1771 0.1739 0.1709 0.1692 0.1680 0.1652 0.1641 0.1588 0.1530 0.1558 0.1576 0.1630 0.1643 0.1651
0.3636 0.3618 0.3588 0.3572 0.3540 0.3512 0.3485 0.3473 0.3470 0.3469 0.3473 0.3489 0.3513 0.3534 0.3546 0.3551 0.3550 0.3543 0.3532 0.3519 0.3498 0.3473 0.3450 0.3418 0.3382 0.3345 0.3309 0.3274 0.3240 0.3208 0.3174 0.3137 0.3093 0.3036 0.2965 0.2884 0.2794 0.2702 0.2612 0.2525 0.2444 0.2369 0.2302 0.2240 0.2181 0.2127 0.2076 0.2029 0.1982 0.1943 0.1907 0.1874 0.1840 0.1809 0.1774 0.1769 0.1754 0.1723 0.1716 0.1692 0.1677 0.1693 0.1685 0.1662 0.1611 0.1648 0.1770 0.1806 0.1735 0.1706 0.1710
0.3618 0.3569 0.3508 0.3449 0.3388 0.3334 0.3296 0.3272 0.3260 0.3255 0.3259 0.3276 0.3293 0.3319 0.3346 0.3370 0.3385 0.3388 0.3379 0.3362 0.3345 0.3323 0.3300 0.3273 0.3241 0.3212 0.3182 0.3150 0.3118 0.3087 0.3055 0.3021 0.2983 0.2938 0.2886 0.2826 0.2758 0.2688 0.2617 0.2546 0.2478 0.2414 0.2353 0.2297 0.2245 0.2196 0.2151 0.2107 0.2065 0.2023 0.1984 0.1944 0.1898 0.1857 0.1819 0.1774 0.1754 0.1718 0.1691 0.1668 0.1655 0.1626 0.1637 0.1630 0.1598 0.1707 0.1729 0.1701 0.1682 0.1665 0.1653
0.3570 0.3493 0.3405 0.3316 0.3232 0.3161 0.3115 0.3089 0.3081 0.3084 0.3099 0.3125 0.3160 0.3199 0.3238 0.3269 0.3287 0.3286 0.3262 0.3228 0.3188 0.3153 0.3121 0.3086 0.3053 0.3024 0.2996 0.2967 0.2939 0.2914 0.2893 0.2867 0.2837 0.2803 0.2765 0.2724 0.2677 0.2627 0.2574 0.2520 0.2467 0.2415 0.2366 0.2319 0.2276 0.2238 0.2201 0.2168 0.2136 0.2103 0.2066 0.2021 0.1977 0.1931 0.1882 0.1831 0.1785 0.1746 0.1702 0.1669 0.1641 0.1636 0.1598 0.1573 0.1597 0.1649 0.1640 0.1609 0.1593 0.1578 0.1580
0.3506 0.3416 0.3317 0.3220 0.3133 0.3067 0.3030 0.3014 0.3018 0.3037 0.3067 0.3106 0.3152 0.3199 0.3230 0.3243 0.3229 0.3204 0.3154 0.3091 0.3022 0.2958 0.2916 0.2874 0.2837 0.2802 0.2770 0.2741 0.2716 0.2696 0.2681 0.2665 0.2647 0.2629 0.2608 0.2584 0.2557 0.2526 0.2492 0.2454 0.2415 0.2375 0.2337 0.2302 0.2270 0.2242 0.2219 0.2200 0.2183 0.2159 0.2129 0.2096 0.2052 0.2004 0.1951 0.1901 0.1843 0.1789 0.1744 0.1706 0.1668 0.1659 0.1609 0.1562 0.1577 0.1656 0.1607 0.1578 0.1550 0.1507 0.1485
0.3496 0.3396 0.3290 0.3192 0.3117 0.3069 0.3045 0.3042 0.3057 0.3086 0.3124 0.3166 0.3204 0.3241 0.3235 0.3216 0.3163 0.3094 0.3014 0.2927 0.2839 0.2756 0.2701 0.2652 0.2612 0.2575 0.2537 0.2502 0.2472 0.2451 0.2437 0.2429 0.2423 0.2418 0.2415 0.2413 0.2409 0.2399 0.2383 0.2359 0.2331 0.2301 0.2275 0.2249 0.2227 0.2210 0.2200 0.2197 0.2197 0.2189 0.2168 0.2137 0.2092 0.2044 0.2007 0.1944 0.1881 0.1832 0.1784 0.1739 0.1721 0.1682 0.1656 0.1586 0.1666 0.1640 0.1618 0.1575 0.1539 0.1495 0.1467
0.3473 0.3386 0.3296 0.3212 0.3160 0.3125 0.3115 0.3122 0.3141 0.3169 0.3200 0.3225 0.3234 0.3242 0.3199 0.3132 0.3042 0.2944 0.2843 0.2742 0.2642 0.2556 0.2496 0.2442 0.2400 0.2361 0.2321 0.2278 0.2238 0.2207 0.2189 0.2184 0.2187 0.2196 0.2211 0.2232 0.2253 0.2262 0.2257 0.2241 0.2220 0.2203 0.2182 0.2163 0.2151 0.2144 0.2146 0.2159 0.2175 0.2178 0.2157 0.2123 0.2081 0.2032 0.1985 0.1925 0.1883 0.1837 0.1790 0.1759 0.1723 0.1696 0.1656 0.1647 0.1726 0.1664 0.1602 0.1556 0.1517 0.1506 0.1496
0.3330 0.3300 0.3255 0.3209 0.3183 0.3169 0.3171 0.3181 0.3198 0.3214 0.3232 0.3224 0.3218 0.3175 0.3092 0.2989 0.2876 0.2761 0.2654 0.2549 0.2447 0.2368 0.2307 0.2263 0.2221 0.2178 0.2132 0.2078 0.2025 0.1987 0.1971 0.1967 0.1972 0.1989 0.2018 0.2059 0.2104 0.2123 0.2120 0.2104 0.2088 0.2070 0.2064 0.2059 0.2049 0.2048 0.2057 0.2084 0.2113 0.2102 0.2070 0.2040 0.1988 0.1939 0.1885 0.1838 0.1798 0.1767 0.1739 0.1717 0.1691 0.1669 0.1627 0.1640 0.1687 0.1627 0.1561 0.1525 0.1501 0.1490 0.1494
0.3144 0.3169 0.3169 0.3163 0.3166 0.3148 0.3162 0.3176 0.3190 0.3194 0.3186 0.3173 0.3126 0.3042 0.2921 0.2803 0.2680 0.2567 0.2454 0.2355 0.2269 0.2203 0.2158 0.2115 0.2081 0.2036 0.1971 0.1901 0.1844 0.1819 0.1806 0.1789 0.1786 0.1809 0.1847 0.1901 0.1968 0.1977 0.1966 0.1953 0.1935 0.1931 0.1931 0.1933 0.1925 0.1928 0.1935 0.1944 0.1970 0.1915 0.1883 0.1877 0.1816 0.1770 0.1718 0.1677 0.1648 0.1625 0.1609 0.1595 0.1583 0.1572 0.1561 0.1557 0.1546 0.1515 0.1481 0.1455 0.1437 0.1427 0.1429
0.3018 0.3047 0.3062 0.3066 0.3087 0.3052 0.3083 0.3103 0.3106 0.3108 0.3110 0.3064 0.2969 0.2846 0.2701 0.2591 0.2454 0.2350 0.2254 0.2175 0.2116 0.2076 0.2038 0.2002 0.1981 0.1920 0.1843 0.1754 0.1727 0.1714 0.1679 0.1641 0.1635 0.1661 0.1698 0.1741 0.1826 0.1798 0.1791 0.1807 0.1771 0.1762 0.1780 0.1811 0.1792 0.1821 0.1795 0.1713 0.1755 0.1662 0.1643 0.1690 0.1579 0.1526 0.1467 0.1434 0.1426 0.1422 0.1419 0.1416 0.1413 0.1412 0.1411 0.1406 0.1393 0.1348 0.1334 0.1322 0.1313 0.1309 0.1303
0.2776 0.2824 0.2864 0.2898 0.2913 0.2854 0.2931 0.2935 0.2985 0.2938 0.2908 0.2839 0.2781 0.2592 0.2412 0.2300 0.2181 0.2109 0.2023 0.1983 0.1980 0.1961 0.1937 0.1910 0.1899 0.1827 0.1740 0.1676 0.1658 0.1635 0.1573 0.1510 0.1505 0.1537 0.1549 0.1510 0.1668 0.1621 0.1602 0.1670 0.1584 0.1539 0.1545 0.1676 0.1537 0.1527 0.1406 0.1003 0.0680 0.0000 0.0000 0.0007 0.0716 0.0972 0.0983 0.1048 0.1106 0.1139 0.1157 0.1173 0.1177 0.1176 0.1182 0.1181 0.1177 0.1169 0.1136 0.1112 0.1088 0.1092 0.1083
0.2388 0.2476 0.2576 0.2659 0.2689 0.2595 0.2777 0.2762 0.2834 0.2819 0.2661 0.2476 0.2483 0.2248 0.2040 0.1977 0.1858 0.1776 0.1783 0.1806 0.1895 0.1867 0.1871 0.1860 0.1839 0.1780 0.1708 0.1648 0.1619 0.1576 0.1465 0.1403 0.1366 0.1390 0.1335 0.0957 0.0536 0.0000 0.0000 0.0000 0.0000 0.0000 0.0000 0.0000 0.0006 0.0000 0.0000 0.0000 0.0000 0.0000 0.0000 0.0000 0.0000 0.0388 0.0589 0.0771 0.0885 0.0936 0.0964 0.0995 0.0949 0.0887 0.0919 0.0958 0.0985 0.0999 0.0933 0.0846 0.0855 0.0842 0.0803
0.0000 0.0000 0.0000 0.0000 0.0000 0.0000 0.0000 0.0000 0.0000 0.0000 0.0000 0.0000 0.0000 0.0000 0.0000 0.0000 0.0000 0.0000 0.0000 0.0000 0.0000 0.0000 0.0000 0.0000 0.0000 0.0000 0.0000 0.0000 0.0000 0.0000 0.0000 0.0000 0.0000 0.0000 0.0000 0.0000 0.0000 0.0000 0.0000 0.0000 0.0000 0.0000 0.0000 0.0000 0.0000 0.0000 0.0000 0.0000 0.0000 0.0000 0.0000 0.0000 0.0000 0.0000 0.0000 0.0000 0.0000 0.0000 0.0000 0.0000 0.0035 0.0107 0.0027 0.0000 0.0000 0.0000 0.0000 0.0175 0.0313 0.0328 0.0445
0.0000 0.0000 0.0000 0.0000 0.0000 0.0000 0.0000 0.0000 0.0000 0.0000 0.0000 0.0000 0.0000 0.0000 0.0000 0.0000 0.0000 0.0000 0.0000 0.0000 0.0000 0.0000 0.0000 0.0000 0.0000 0.0000 0.0000 0.0000 0.0000 0.0000 0.0000 0.0000 0.0000 0.0000 0.0000 0.0000 0.0000 0.0000 0.0000 0.0000 0.0000 0.0000 0.0000 0.0000 0.0000 0.0000 0.0000 0.0000 0.0000 0.0000 0.0000 0.0000 0.0000 0.0000 0.0000 0.0000 0.0000 0.0000 0.0000 0.0000 0.0000 0.0000 0.0000 0.0000 0.0000 0.0000 0.0000 0.0000 0.0000 0.0000 0.0000
