tool_adapters/Deltares_HABITAT/example_maps/Tenryuu_river/standard_maps/flow_velocity_egg_max.asc
ncols          735
nrows          17
xllcorner     -64032,966414116
yllcorner     -127089,81923263
cellsize      12
NODATA_value  -9999
[rows 0 to 16 of 17, columns 213 to 283 of 735]
0.0000 0.0000 0.0000 0.0000 0.0000 0.0000 0.0000 0.0000 0.0000 0.0000 0.0000 0.0000 0.0000 0.0000 0.0000 0.0000 0.0000 0.0000 0.0000 0.0000 0.0000 0.0000 0.0000 0.0000 0.0000 0.0000 0.0000 0.0000 0.0000 0.0000 0.0000 0.0000 0.0000 0.0000 0.0000 0.0000 0.0000 0.0000 0.0000 0.0000 0.0000 0.0000 0.0000 0.0000 0.0000 0.0000 0.0000 0.0000 0.0000 0.0000 0.0000 0.0000 0.0000 0.0000 0.0000 0.0000 0.0000 0.0000 0.0000 0.0000 0.0000 0.0000 0.0000 0.0000 0.0000 0.0000 0.0000 0.0000 0.0000 0.0000 0.0000
0.3506 0.3198 0.2707 0.3838 0.4127 0.4061 0.4210 0.4352 0.4686 0.5164 0.4801 0.5110 0.5267 0.5409 0.5474 0.5471 0.5438 0.5368 0.5272 0.5170 0.5072 0.4980 0.4897 0.4822 0.4755 0.4695 0.4649 0.4618 0.4592 0.4562 0.4517 0.4440 0.4322 0.4167 0.3962 0.3740 0.3525 0.3330 0.3160 0.3023 0.2919 0.2828 0.2757 0.2696 0.2645 0.2599 0.2556 0.2512 0.2460 0.2407 0.2378 0.2343 0.2298 0.2290 0.2271 0.2194 0.2138 0.1981 0.1874 0.1793 0.1707 0.1655 0.1579 0.1547 0.1483 0.1398 0.1273 0.1176 0.1051 0.0909 0.0907
0.4853 0.4673 0.4277 0.4464 0.4566 0.4583 0.4626 0.4701 0.4850 0.4982 0.4976 0.5100 0.5179 0.5249 0.5293 0.5302 0.5305 0.5264 0.5194 0.5118 0.5037 0.4957 0.4881 0.4810 0.4744 0.4684 0.4631 0.4590 0.4555 0.4520 0.4475 0.4410 0.4314 0.4184 0.4014 0.3822 0.3627 0.3443 0.3277 0.3134 0.3012 0.2910 0.2824 0.2750 0.2688 0.2632 0.2581 0.2532 0.2486 0.2446 0.2421 0.2407 0.2397 0.2372 0.2323 0.2368 0.2302 0.2258 0.2183 0.2080 0.1997 0.2071 0.1960 0.1892 0.1842 0.1753 0.1684 0.1555 0.1595 0.1653 0.1739
0.5034 0.4989 0.4906 0.4894 0.4871 0.4852 0.4834 0.4840 0.4875 0.4899 0.4887 0.4954 0.4992 0.5020 0.5029 0.5033 0.5039 0.5028 0.4998 0.4968 0.4922 0.4868 0.4814 0.4756 0.4697 0.4639 0.4585 0.4535 0.4490 0.4446 0.4399 0.4341 0.4264 0.4162 0.4031 0.3880 0.3717 0.3556 0.3405 0.3266 0.3144 0.3041 0.2944 0.2856 0.2780 0.2710 0.2649 0.2592 0.2535 0.2491 0.2453 0.2424 0.2401 0.2376 0.2333 0.2374 0.2347 0.2360 0.2320 0.2282 0.2263 0.2251 0.2216 0.2204 0.2133 0.2055 0.2098 0.2124 0.2205 0.2221 0.2228
0.4821 0.4832 0.4825 0.4820 0.4790 0.4759 0.4719 0.4693 0.4674 0.4654 0.4642 0.4648 0.4669 0.4691 0.4709 0.4722 0.4733 0.4737 0.4735 0.4732 0.4714 0.4689 0.4663 0.4624 0.4577 0.4528 0.4478 0.4429 0.4381 0.4334 0.4285 0.4231 0.4168 0.4087 0.3986 0.3871 0.3745 0.3615 0.3488 0.3368 0.3257 0.3154 0.3063 0.2980 0.2901 0.2828 0.2759 0.2694 0.2629 0.2573 0.2521 0.2474 0.2426 0.2382 0.2336 0.2334 0.2318 0.2280 0.2276 0.2249 0.2234 0.2264 0.2257 0.2230 0.2163 0.2223 0.2400 0.2456 0.2352 0.2313 0.2319
0.4810 0.4773 0.4716 0.4647 0.4573 0.4498 0.4441 0.4391 0.4353 0.4325 0.4310 0.4319 0.4336 0.4373 0.4417 0.4461 0.4496 0.4512 0.4510 0.4497 0.4482 0.4461 0.4437 0.4406 0.4367 0.4331 0.4293 0.4252 0.4209 0.4166 0.4121 0.4073 0.4018 0.3954 0.3880 0.3796 0.3701 0.3602 0.3503 0.3407 0.3316 0.3230 0.3150 0.3076 0.3007 0.2942 0.2881 0.2821 0.2763 0.2702 0.2644 0.2585 0.2517 0.2458 0.2404 0.2342 0.2317 0.2270 0.2236 0.2208 0.2194 0.2157 0.2177 0.2169 0.2126 0.2288 0.2322 0.2281 0.2252 0.2230 0.2213
0.4737 0.4654 0.4553 0.4437 0.4325 0.4225 0.4162 0.4112 0.4078 0.4062 0.4066 0.4094 0.4145 0.4209 0.4278 0.4336 0.4374 0.4378 0.4348 0.4303 0.4249 0.4204 0.4164 0.4122 0.4082 0.4048 0.4016 0.3983 0.3949 0.3917 0.3892 0.3857 0.3815 0.3768 0.3714 0.3655 0.3589 0.3519 0.3447 0.3374 0.3304 0.3238 0.3176 0.3117 0.3063 0.3014 0.2967 0.2924 0.2880 0.2832 0.2778 0.2712 0.2647 0.2580 0.2509 0.2436 0.2373 0.2319 0.2259 0.2213 0.2176 0.2170 0.2117 0.2082 0.2119 0.2195 0.2180 0.2132 0.2105 0.2080 0.2079
0.4626 0.4521 0.4399 0.4270 0.4154 0.4073 0.4023 0.3993 0.3984 0.3996 0.4031 0.4087 0.4161 0.4242 0.4302 0.4325 0.4312 0.4272 0.4194 0.4101 0.4001 0.3910 0.3853 0.3798 0.3751 0.3710 0.3674 0.3642 0.3616 0.3597 0.3582 0.3566 0.3545 0.3521 0.3493 0.3460 0.3420 0.3376 0.3329 0.3281 0.3234 0.3185 0.3141 0.3101 0.3063 0.3032 0.3005 0.2984 0.2964 0.2930 0.2888 0.2840 0.2775 0.2706 0.2630 0.2559 0.2478 0.2402 0.2339 0.2285 0.2231 0.2217 0.2146 0.2077 0.2100 0.2212 0.2136 0.2090 0.2043 0.1974 0.1937
0.4590 0.4471 0.4339 0.4200 0.4110 0.4057 0.4029 0.4026 0.4044 0.4082 0.4136 0.4202 0.4266 0.4331 0.4332 0.4297 0.4214 0.4107 0.3983 0.3853 0.3723 0.3604 0.3527 0.3461 0.3410 0.3364 0.3320 0.3280 0.3248 0.3228 0.3220 0.3218 0.3219 0.3219 0.3219 0.3216 0.3207 0.3192 0.3173 0.3146 0.3117 0.3085 0.3061 0.3034 0.3013 0.2998 0.2993 0.2996 0.3003 0.2995 0.2965 0.2920 0.2856 0.2788 0.2737 0.2650 0.2562 0.2494 0.2427 0.2363 0.2335 0.2277 0.2237 0.2135 0.2248 0.2208 0.2174 0.2107 0.2051 0.1986 0.1945
0.4531 0.4430 0.4317 0.4204 0.4154 0.4122 0.4120 0.4137 0.4168 0.4211 0.4262 0.4310 0.4326 0.4340 0.4271 0.4160 0.4020 0.3869 0.3717 0.3568 0.3423 0.3299 0.3216 0.3144 0.3091 0.3042 0.2991 0.2938 0.2889 0.2857 0.2849 0.2857 0.2875 0.2899 0.2928 0.2957 0.2982 0.2993 0.2992 0.2983 0.2966 0.2958 0.2940 0.2927 0.2919 0.2921 0.2935 0.2963 0.2997 0.3000 0.2968 0.2918 0.2858 0.2792 0.2729 0.2650 0.2596 0.2534 0.2470 0.2426 0.2374 0.2332 0.2271 0.2255 0.2367 0.2274 0.2181 0.2113 0.2058 0.2043 0.2031
0.4284 0.4267 0.4225 0.4181 0.4169 0.4171 0.4189 0.4213 0.4245 0.4275 0.4310 0.4308 0.4291 0.4219 0.4084 0.3921 0.3748 0.3577 0.3421 0.3271 0.3124 0.3014 0.2932 0.2873 0.2819 0.2764 0.2702 0.2629 0.2565 0.2530 0.2527 0.2538 0.2562 0.2602 0.2654 0.2714 0.2767 0.2793 0.2803 0.2802 0.2797 0.2788 0.2792 0.2795 0.2792 0.2802 0.2829 0.2879 0.2933 0.2903 0.2852 0.2806 0.2735 0.2675 0.2609 0.2551 0.2500 0.2460 0.2422 0.2392 0.2354 0.2320 0.2258 0.2276 0.2343 0.2255 0.2158 0.2107 0.2073 0.2059 0.2065
0.3982 0.4049 0.4078 0.4100 0.4131 0.4125 0.4157 0.4187 0.4217 0.4233 0.4229 0.4206 0.4122 0.3982 0.3789 0.3608 0.3428 0.3267 0.3111 0.2975 0.2858 0.2768 0.2708 0.2650 0.2605 0.2542 0.2452 0.2364 0.2304 0.2290 0.2283 0.2275 0.2294 0.2347 0.2419 0.2502 0.2580 0.2600 0.2614 0.2622 0.2613 0.2618 0.2627 0.2637 0.2634 0.2647 0.2666 0.2684 0.2727 0.2607 0.2566 0.2567 0.2500 0.2451 0.2390 0.2339 0.2302 0.2272 0.2249 0.2229 0.2210 0.2191 0.2174 0.2171 0.2157 0.2114 0.2066 0.2030 0.2004 0.1990 0.1993
0.3788 0.3859 0.3908 0.3948 0.4003 0.3967 0.4015 0.4059 0.4073 0.4086 0.4084 0.4002 0.3843 0.3635 0.3408 0.3245 0.3061 0.2929 0.2806 0.2707 0.2632 0.2579 0.2527 0.2476 0.2450 0.2364 0.2262 0.2160 0.2146 0.2137 0.2094 0.2062 0.2082 0.2144 0.2220 0.2305 0.2410 0.2403 0.2432 0.2470 0.2420 0.2407 0.2433 0.2480 0.2454 0.2497 0.2450 0.2306 0.2306 0.2025 0.2194 0.2296 0.2177 0.2122 0.2044 0.2000 0.1988 0.1983 0.1977 0.1971 0.1962 0.1959 0.1958 0.1952 0.1938 0.1877 0.1858 0.1845 0.1836 0.1832 0.1822
0.3415 0.3504 0.3586 0.3664 0.3712 0.3650 0.3771 0.3793 0.3869 0.3799 0.3725 0.3599 0.3495 0.3185 0.2907 0.2753 0.2620 0.2545 0.2453 0.2415 0.2420 0.2399 0.2370 0.2338 0.2332 0.2234 0.2127 0.2060 0.2054 0.2021 0.1939 0.1881 0.1902 0.1971 0.2023 0.2023 0.2334 0.2201 0.2277 0.2341 0.2188 0.2107 0.2102 0.2274 0.2052 0.2002 0.1785 0.1164 0.0607 0.0000 0.0000 0.0000 0.1003 0.1351 0.1352 0.1439 0.1517 0.1562 0.1586 0.1608 0.1610 0.1614 0.1623 0.1625 0.1622 0.1611 0.1563 0.1536 0.1511 0.1522 0.1510
0.2801 0.2947 0.3114 0.3264 0.3344 0.3250 0.3526 0.3513 0.3602 0.3557 0.3297 0.2991 0.2917 0.2540 0.2240 0.2171 0.2039 0.2004 0.2067 0.2135 0.2284 0.2254 0.2273 0.2272 0.2255 0.2180 0.2092 0.2025 0.1999 0.1935 0.1790 0.1732 0.1696 0.1741 0.1685 0.1171 0.0475 0.0000 0.0000 0.0000 0.0000 0.0000 0.0000 0.0000 0.0000 0.0000 0.0000 0.0000 0.0000 0.0000 0.0000 0.0000 0.0000 0.0533 0.0795 0.1042 0.1195 0.1264 0.1307 0.1365 0.1318 0.1247 0.1280 0.1325 0.1355 0.1369 0.1269 0.1113 0.1141 0.1140 0.1093
0.0000 0.0000 0.0000 0.0000 0.0000 0.0000 0.0000 0.0000 0.0000 0.0000 0.0000 0.0000 0.0000 0.0000 0.0000 0.0000 0.0000 0.0000 0.0000 0.0000 0.0000 0.0000 0.0000 0.0000 0.0000 0.0000 0.0000 0.0000 0.0000 0.0000 0.0000 0.0000 0.0000 0.0000 0.0000 0.0000 0.0000 0.0000 0.0000 0.0000 0.0000 0.0000 0.0000 0.0000 0.0000 0.0000 0.0000 0.0000 0.0000 0.0000 0.0000 0.0000 0.0000 0.0000 0.0000 0.0000 0.0000 0.0000 0.0000 0.0000 0.0000 0.0131 0.0000 0.0000 0.0000 0.0000 0.0000 0.0185 0.0315 0.0356 0.0534
0.0000 0.0000 0.0000 0.0000 0.0000 0.0000 0.0000 0.0000 0.0000 0.0000 0.0000 0.0000 0.0000 0.0000 0.0000 0.0000 0.0000 0.0000 0.0000 0.0000 0.0000 0.0000 0.0000 0.0000 0.0000 0.0000 0.0000 0.0000 0.0000 0.0000 0.0000 0.0000 0.0000 0.0000 0.0000 0.0000 0.0000 0.0000 0.0000 0.0000 0.0000 0.0000 0.0000 0.0000 0.0000 0.0000 0.0000 0.0000 0.0000 0.0000 0.0000 0.0000 0.0000 0.0000 0.0000 0.0000 0.0000 0.0000 0.0000 0.0000 0.0000 0.0000 0.0000 0.0000 0.0000 0.0000 0.0000 0.0000 0.0000 0.0000 0.0000
