tool_adapters/Deltares_HABITAT/example_maps/Tenryuu_river/standard_maps/flow_velocity_ascending_max.asc
ncols          735
nrows          17
xllcorner     -64032,966414116
yllcorner     -127089,81923263
cellsize      12
NODATA_value  -9999
[rows 0 to 16 of 17, columns 213 to 283 of 735]
0.0000 0.0000 0.0000 0.0000 0.0000 0.0000 0.0000 0.0000 0.0000 0.0000 0.0000 0.0000 0.0000 0.0000 0.0000 0.0000 0.0000 0.0000 0.0000 0.0000 0.0000 0.0000 0.0000 0.0000 0.0000 0.0000 0.0000 0.0000 0.0000 0.0000 0.0000 0.0000 0.0000 0.0000 0.0000 0.0000 0.0000 0.0000 0.0000 0.0000 0.0000 0.0000 0.0000 0.0000 0.0000 0.0000 0.0000 0.0000 0.0000 0.0000 0.0000 0.0000 0.0000 0.0000 0.0000 0.0000 0.0000 0.0000 0.0000 0.0000 0.0000 0.0000 0.0000 0.0000 0.0000 0.0000 0.0000 0.0000 0.0000 0.0000 0.0000
0.5820 0.5136 0.4342 0.6110 0.6605 0.6506 0.6789 0.7065 0.7648 0.8460 0.7919 0.8472 0.8772 0.9026 0.9136 0.9125 0.9054 0.8917 0.8736 0.8544 0.8363 0.8197 0.8047 0.7914 0.7795 0.7690 0.7610 0.7558 0.7517 0.7469 0.7395 0.7268 0.7069 0.6804 0.6451 0.6067 0.5691 0.5349 0.5051 0.4815 0.4633 0.4478 0.4351 0.4241 0.4146 0.4064 0.3990 0.3918 0.3837 0.3752 0.3708 0.3656 0.3589 0.3572 0.3530 0.3403 0.3300 0.3053 0.2872 0.2731 0.2592 0.2513 0.2395 0.2343 0.2245 0.2117 0.1932 0.1792 0.1613 0.1401 0.1403
0.8264 0.7968 0.7322 0.7544 0.7657 0.7656 0.7728 0.7848 0.8093 0.8310 0.8294 0.8493 0.8618 0.8726 0.8791 0.8795 0.8790 0.8708 0.8580 0.8438 0.8291 0.8149 0.8016 0.7892 0.7778 0.7674 0.7583 0.7510 0.7449 0.7388 0.7314 0.7208 0.7052 0.6838 0.6556 0.6234 0.5900 0.5581 0.5289 0.5036 0.4818 0.4640 0.4483 0.4346 0.4230 0.4128 0.4036 0.3952 0.3874 0.3806 0.3767 0.3745 0.3733 0.3699 0.3628 0.3706 0.3609 0.3547 0.3430 0.3265 0.3130 0.3232 0.3052 0.2938 0.2857 0.2717 0.2614 0.2413 0.2476 0.2567 0.2715
0.8105 0.8165 0.8126 0.8152 0.8132 0.8110 0.8092 0.8106 0.8170 0.8206 0.8174 0.8257 0.8285 0.8293 0.8274 0.8252 0.8245 0.8219 0.8165 0.8112 0.8042 0.7960 0.7876 0.7787 0.7694 0.7601 0.7511 0.7426 0.7347 0.7270 0.7189 0.7094 0.6968 0.6804 0.6593 0.6346 0.6074 0.5800 0.5537 0.5293 0.5074 0.4889 0.4711 0.4549 0.4406 0.4281 0.4168 0.4062 0.3960 0.3882 0.3813 0.3763 0.3722 0.3683 0.3619 0.3686 0.3657 0.3690 0.3638 0.3586 0.3560 0.3543 0.3490 0.3472 0.3361 0.3239 0.3303 0.3338 0.3450 0.3466 0.3475
0.7499 0.7621 0.7715 0.7801 0.7821 0.7821 0.7793 0.7775 0.7760 0.7729 0.7695 0.7677 0.7668 0.7653 0.7632 0.7614 0.7611 0.7613 0.7619 0.7628 0.7621 0.7605 0.7587 0.7543 0.7483 0.7415 0.7340 0.7262 0.7182 0.7100 0.7015 0.6924 0.6820 0.6690 0.6529 0.6344 0.6136 0.5918 0.5699 0.5488 0.5291 0.5105 0.4939 0.4784 0.4636 0.4499 0.4370 0.4248 0.4129 0.4025 0.3930 0.3845 0.3760 0.3683 0.3606 0.3596 0.3573 0.3518 0.3517 0.3481 0.3462 0.3510 0.3504 0.3466 0.3365 0.3455 0.3729 0.3814 0.3656 0.3594 0.3605
0.7506 0.7535 0.7527 0.7494 0.7419 0.7334 0.7255 0.7195 0.7144 0.7092 0.7047 0.7027 0.7012 0.7025 0.7059 0.7109 0.7161 0.7199 0.7218 0.7221 0.7223 0.7214 0.7202 0.7175 0.7135 0.7095 0.7044 0.6983 0.6915 0.6842 0.6766 0.6684 0.6593 0.6489 0.6370 0.6233 0.6076 0.5910 0.5740 0.5571 0.5408 0.5252 0.5104 0.4965 0.4835 0.4712 0.4594 0.4479 0.4367 0.4254 0.4147 0.4038 0.3919 0.3814 0.3718 0.3614 0.3567 0.3489 0.3434 0.3390 0.3367 0.3311 0.3340 0.3329 0.3263 0.3500 0.3551 0.3492 0.3447 0.3411 0.3384
0.7437 0.7383 0.7291 0.7160 0.7015 0.6873 0.6768 0.6699 0.6644 0.6602 0.6583 0.6598 0.6650 0.6734 0.6842 0.6951 0.7034 0.7066 0.7037 0.6976 0.6899 0.6835 0.6778 0.6721 0.6671 0.6630 0.6589 0.6544 0.6494 0.6446 0.6404 0.6347 0.6279 0.6202 0.6114 0.6016 0.5906 0.5785 0.5658 0.5530 0.5403 0.5280 0.5161 0.5048 0.4943 0.4845 0.4750 0.4661 0.4571 0.4478 0.4376 0.4258 0.4143 0.4025 0.3903 0.3778 0.3668 0.3575 0.3475 0.3399 0.3335 0.3321 0.3236 0.3179 0.3228 0.3334 0.3309 0.3232 0.3183 0.3136 0.3126
0.7311 0.7209 0.7074 0.6914 0.6755 0.6623 0.6550 0.6504 0.6483 0.6488 0.6528 0.6605 0.6725 0.6873 0.7002 0.7082 0.7078 0.7024 0.6896 0.6735 0.6561 0.6404 0.6301 0.6207 0.6131 0.6068 0.6016 0.5972 0.5937 0.5912 0.5894 0.5872 0.5842 0.5805 0.5758 0.5702 0.5633 0.5557 0.5474 0.5386 0.5297 0.5203 0.5114 0.5031 0.4956 0.4885 0.4823 0.4768 0.4715 0.4647 0.4568 0.4481 0.4370 0.4252 0.4122 0.3999 0.3860 0.3730 0.3622 0.3526 0.3434 0.3403 0.3288 0.3177 0.3202 0.3362 0.3239 0.3158 0.3074 0.2960 0.2893
0.7305 0.7169 0.7007 0.6831 0.6692 0.6616 0.6579 0.6577 0.6606 0.6665 0.6754 0.6873 0.7010 0.7159 0.7197 0.7168 0.7032 0.6843 0.6619 0.6381 0.6144 0.5929 0.5785 0.5665 0.5573 0.5493 0.5420 0.5358 0.5313 0.5289 0.5282 0.5284 0.5290 0.5294 0.5294 0.5290 0.5278 0.5255 0.5222 0.5172 0.5114 0.5049 0.4992 0.4934 0.4883 0.4841 0.4813 0.4799 0.4789 0.4766 0.4715 0.4640 0.4533 0.4418 0.4328 0.4180 0.4031 0.3913 0.3795 0.3682 0.3625 0.3521 0.3447 0.3280 0.3440 0.3367 0.3305 0.3192 0.3097 0.2990 0.2921
0.7245 0.7135 0.7004 0.6857 0.6783 0.6748 0.6757 0.6794 0.6853 0.6931 0.7030 0.7137 0.7218 0.7282 0.7191 0.7014 0.6768 0.6492 0.6209 0.5932 0.5664 0.5438 0.5279 0.5147 0.5048 0.4961 0.4874 0.4788 0.4712 0.4661 0.4645 0.4659 0.4692 0.4735 0.4783 0.4838 0.4894 0.4926 0.4931 0.4911 0.4876 0.4846 0.4804 0.4766 0.4741 0.4728 0.4733 0.4763 0.4800 0.4810 0.4768 0.4689 0.4587 0.4470 0.4360 0.4224 0.4127 0.4018 0.3906 0.3823 0.3729 0.3650 0.3541 0.3501 0.3654 0.3498 0.3344 0.3229 0.3135 0.3105 0.3080
0.6848 0.6872 0.6856 0.6823 0.6829 0.6854 0.6900 0.6953 0.7014 0.7080 0.7167 0.7208 0.7228 0.7139 0.6928 0.6651 0.6340 0.6023 0.5725 0.5441 0.5174 0.4968 0.4815 0.4703 0.4604 0.4508 0.4407 0.4290 0.4177 0.4105 0.4091 0.4110 0.4149 0.4213 0.4298 0.4407 0.4534 0.4602 0.4624 0.4614 0.4594 0.4565 0.4559 0.4554 0.4540 0.4550 0.4584 0.4659 0.4744 0.4725 0.4659 0.4580 0.4448 0.4334 0.4215 0.4109 0.4016 0.3938 0.3865 0.3803 0.3730 0.3664 0.3553 0.3567 0.3656 0.3508 0.3347 0.3255 0.3191 0.3160 0.3158
0.6414 0.6542 0.6624 0.6694 0.6771 0.6788 0.6859 0.6920 0.6982 0.7036 0.7072 0.7078 0.6979 0.6773 0.6459 0.6142 0.5811 0.5507 0.5211 0.4957 0.4734 0.4567 0.4451 0.4342 0.4259 0.4157 0.4013 0.3859 0.3741 0.3701 0.3690 0.3677 0.3698 0.3776 0.3889 0.4037 0.4242 0.4288 0.4294 0.4286 0.4261 0.4259 0.4267 0.4281 0.4282 0.4315 0.4360 0.4402 0.4491 0.4336 0.4261 0.4239 0.4109 0.4016 0.3903 0.3806 0.3728 0.3663 0.3610 0.3562 0.3516 0.3472 0.3432 0.3415 0.3384 0.3309 0.3225 0.3156 0.3102 0.3067 0.3057
0.6240 0.6314 0.6393 0.6465 0.6573 0.6535 0.6627 0.6701 0.6751 0.6806 0.6843 0.6743 0.6518 0.6200 0.5825 0.5532 0.5195 0.4939 0.4705 0.4508 0.4358 0.4256 0.4160 0.4070 0.4013 0.3876 0.3711 0.3525 0.3479 0.3461 0.3399 0.3337 0.3353 0.3444 0.3559 0.3694 0.3961 0.3876 0.3879 0.3930 0.3862 0.3850 0.3900 0.3991 0.3971 0.4056 0.4002 0.3791 0.3832 0.3397 0.3598 0.3772 0.3594 0.3495 0.3353 0.3262 0.3223 0.3195 0.3169 0.3143 0.3114 0.3093 0.3078 0.3061 0.3031 0.2932 0.2898 0.2868 0.2844 0.2826 0.2798
0.5728 0.5789 0.5880 0.5992 0.6076 0.5995 0.6202 0.6258 0.6415 0.6341 0.6260 0.6067 0.5916 0.5432 0.4973 0.4696 0.4426 0.4268 0.4080 0.3993 0.3984 0.3945 0.3898 0.3843 0.3824 0.3679 0.3502 0.3375 0.3347 0.3302 0.3174 0.3058 0.3074 0.3172 0.3232 0.3162 0.3455 0.3181 0.3357 0.3530 0.3364 0.3292 0.3327 0.3627 0.3293 0.3221 0.2888 0.1954 0.1321 0.0000 0.0000 0.0253 0.1598 0.2157 0.2166 0.2297 0.2409 0.2468 0.2497 0.2522 0.2518 0.2511 0.2519 0.2520 0.2510 0.2489 0.2413 0.2367 0.2326 0.2344 0.2324
0.4585 0.4770 0.5011 0.5246 0.5393 0.5286 0.5753 0.5788 0.5978 0.5931 0.5546 0.5089 0.4973 0.4319 0.3774 0.3602 0.3367 0.3267 0.3357 0.3467 0.3699 0.3685 0.3730 0.3739 0.3719 0.3612 0.3467 0.3341 0.3280 0.3183 0.2940 0.2817 0.2745 0.2798 0.2698 0.1920 0.1243 0.0000 0.0000 0.0000 0.0000 0.0000 0.0000 0.0000 0.0272 0.0000 0.0000 0.0000 0.0000 0.0000 0.0000 0.0000 0.0000 0.0811 0.1216 0.1600 0.1841 0.1948 0.2015 0.2105 0.2042 0.1928 0.1973 0.2038 0.2075 0.2091 0.1945 0.1735 0.1777 0.1771 0.1701
0.0000 0.0000 0.0000 0.0000 0.0000 0.0000 0.0000 0.0000 0.0000 0.0000 0.0000 0.0000 0.0000 0.0000 0.0000 0.0000 0.0000 0.0000 0.0000 0.0000 0.0000 0.0000 0.0000 0.0000 0.0000 0.0000 0.0000 0.0000 0.0000 0.0000 0.0000 0.0000 0.0000 0.0000 0.0000 0.0000 0.0000 0.0000 0.0000 0.0000 0.0000 0.0000 0.0000 0.0000 0.0000 0.0000 0.0000 0.0000 0.0000 0.0000 0.0000 0.0000 0.0000 0.0000 0.0000 0.0000 0.0000 0.0000 0.0000 0.0000 0.0226 0.0239 0.0362 0.0000 0.0000 0.0000 0.0000 0.0272 0.0488 0.0518 0.0785
0.0000 0.0000 0.0000 0.0000 0.0000 0.0000 0.0000 0.0000 0.0000 0.0000 0.0000 0.0000 0.0000 0.0000 0.0000 0.0000 0.0000 0.0000 0.0000 0.0000 0.0000 0.0000 0.0000 0.0000 0.0000 0.0000 0.0000 0.0000 0.0000 0.0000 0.0000 0.0000 0.0000 0.0000 0.0000 0.0000 0.0000 0.0000 0.0000 0.0000 0.0000 0.0000 0.0000 0.0000 0.0000 0.0000 0.0000 0.0000 0.0000 0.0000 0.0000 0.0000 0.0000 0.0000 0.0000 0.0000 0.0000 0.0000 0.0000 0.0000 0.0000 0.0000 0.0000 0.0000 0.0000 0.0000 0.0000 0.0000 0.0000 0.0000 0.0000
