tool_adapters/Deltares_HABITAT/example_maps/Tenryuu_river/standard_maps/flow_velocity_ascending_mean.asc
ncols          735
nrows          17
xllcorner      -61262.8867
yllcorner      -118292.6406
cellsize       25
[rows 0 to 16 of 17, columns 0 to 70 of 735]
0.0000 0.0000 0.0000 0.0000 0.0000 0.0000 0.0000 0.0000 0.0000 0.0000 0.0000 0.0000 0.0000 0.0000 0.0000 0.0000 0.0000 0.0000 0.0000 0.0000 0.0000 0.0000 0.0000 0.0000 0.0000 0.0000 0.0000 0.0000 0.0000 0.0000 0.0000 0.0000 0.0000 0.0000 0.0000 0.0000 0.0000 0.0000 0.0000 0.0000 0.0000 0.0000 0.0000 0.0000 0.0000 0.0000 0.0000 0.0000 0.0000 0.0000 0.0000 0.0000 0.0000 0.0000 0.0000 0.0000 0.0000 0.0000 0.0000 0.0000 0.0000 0.0000 0.0000 0.0000 0.0000 0.0000 0.0000 0.0000 0.0000 0.0000 0.0000
0.0000 0.0000 0.0000 0.0000 0.0000 0.0000 0.0000 0.0000 0.0000 0.0000 0.0000 0.0000 0.0000 0.0000 0.0000 0.0000 0.0000 0.0000 0.0000 0.0000 0.0000 0.0000 0.0000 0.0000 0.0000 0.0000 0.0000 0.0000 0.0000 0.0000 0.0000 0.0000 0.0000 0.0000 0.0000 0.0000 0.0000 0.0000 0.0000 0.0000 0.0000 0.0000 0.0000 0.0000 0.0000 0.0000 0.0000 0.0000 0.0000 0.0000 0.0000 0.0000 0.0000 0.0000 0.0000 0.0000 0.0000 0.0000 0.0000 0.0000 0.0000 0.0000 0.0005 0.0000 0.0000 0.0003 0.0039 0.0059 0.0077 0.0111 0.0161
0.0000 0.0657 0.0797 0.0461 0.0193 0.0044 0.0000 0.0000 0.0000 0.0351 0.0397 0.0424 0.0516 0.0493 0.0412 0.0218 0.0057 0.0000 0.0000 0.0000 0.0000 0.0000 0.0000 0.0000 0.0000 0.0000 0.0000 0.0000 0.0003 0.0000 0.0022 0.0033 0.0037 0.0039 0.0037 0.0032 0.0028 0.0031 0.0000 0.0000 0.0000 0.0000 0.0000 0.0000 0.0000 0.0000 0.0000 0.0000 0.0000 0.0000 0.0000 0.0000 0.0000 0.0000 0.0000 0.0000 0.0000 0.0000 0.0000 0.0061 0.0087 0.0109 0.0151 0.0154 0.0172 0.0199 0.0232 0.0267 0.0312 0.0376 0.0501
0.0000 0.3019 0.3816 0.3744 0.2479 0.1556 0.1188 0.1032 0.0954 0.0790 0.0767 0.0829 0.0817 0.0858 0.0944 0.0819 0.0689 0.0558 0.0330 0.0087 0.0061 0.0048 0.0039 0.0034 0.0038 0.0034 0.0035 0.0039 0.0049 0.0061 0.0067 0.0089 0.0100 0.0112 0.0118 0.0122 0.0130 0.0130 0.0135 0.0146 0.0138 0.0138 0.0133 0.0108 0.0096 0.0071 0.0062 0.0054 0.0047 0.0040 0.0035 0.0029 0.0030 0.0029 0.0030 0.0031 0.0036 0.0049 0.0085 0.0071 0.0083 0.0134 0.0213 0.0290 0.0479 0.0617 0.0875 0.1156 0.1496 0.2191 0.2664
1.1192 0.9426 0.8175 0.6911 0.5269 0.4141 0.3565 0.3262 0.3095 0.3003 0.2832 0.2711 0.2335 0.2100 0.1879 0.1650 0.1465 0.1388 0.1171 0.0862 0.0625 0.0479 0.0376 0.0327 0.0274 0.0252 0.0233 0.0265 0.0285 0.0307 0.0307 0.0308 0.0304 0.0290 0.0269 0.0259 0.0262 0.0266 0.0267 0.0264 0.0278 0.0279 0.0268 0.0266 0.0256 0.0235 0.0213 0.0188 0.0173 0.0155 0.0125 0.0123 0.0127 0.0128 0.0132 0.0143 0.0149 0.0150 0.0208 0.0266 0.0317 0.0463 0.0604 0.0925 0.1227 0.1949 0.2677 0.3393 0.4142 0.4768 0.5587
0.7830 0.8609 0.8941 0.8467 0.7668 0.6967 0.6450 0.6072 0.5778 0.5638 0.5367 0.5255 0.4884 0.4618 0.4344 0.4041 0.3678 0.3576 0.3085 0.2783 0.2496 0.2195 0.1891 0.1346 0.1118 0.0969 0.0963 0.0994 0.0903 0.0773 0.0664 0.0565 0.0488 0.0401 0.0365 0.0371 0.0367 0.0369 0.0372 0.0378 0.0388 0.0396 0.0402 0.0424 0.0436 0.0435 0.0439 0.0464 0.0456 0.0476 0.0466 0.0487 0.0484 0.0510 0.0492 0.0540 0.0593 0.0737 0.1081 0.1709 0.2498 0.3185 0.3806 0.4285 0.4737 0.5245 0.5788 0.6346 0.6877 0.7883 0.9369
0.6313 0.7229 0.8048 0.8763 0.9046 0.9005 0.8882 0.8729 0.8554 0.8354 0.8189 0.7882 0.7679 0.7369 0.6965 0.6620 0.6047 0.5756 0.5146 0.4805 0.4754 0.4437 0.4296 0.3908 0.3179 0.3440 0.3240 0.2824 0.2481 0.2198 0.1860 0.1528 0.1303 0.1181 0.1125 0.1100 0.1081 0.1105 0.1147 0.1199 0.1263 0.1348 0.1429 0.1532 0.1611 0.1753 0.1899 0.1974 0.2022 0.2164 0.2202 0.2264 0.2304 0.2581 0.2981 0.3514 0.4118 0.4710 0.5237 0.5628 0.5808 0.6047 0.6404 0.6819 0.7323 0.7955 0.8831 0.9695 1.0565 1.1638 1.2426
0.6064 0.6761 0.7661 0.8582 0.9185 0.9558 0.9804 0.9916 0.9955 0.9968 0.9926 0.9909 0.9767 0.9519 0.9403 0.9080 0.8894 0.8498 0.7945 0.7577 0.7159 0.7398 0.6589 0.6081 0.5855 0.5931 0.5416 0.5069 0.4859 0.4668 0.4381 0.4109 0.3965 0.3909 0.3876 0.3883 0.3888 0.3948 0.4024 0.4102 0.4180 0.4308 0.4434 0.4520 0.4636 0.4722 0.4845 0.4960 0.5144 0.5261 0.5310 0.5454 0.5679 0.5950 0.6329 0.6541 0.6828 0.7324 0.7579 0.7825 0.8080 0.8388 0.8816 0.9319 0.9895 1.0542 1.1431 1.2381 1.2562 1.2688 1.2032
0.6939 0.7865 0.8457 0.8674 0.8865 0.9013 0.9158 0.9347 0.9565 0.9756 1.0044 1.0310 1.0429 1.0419 1.0492 1.0461 1.0488 1.0440 1.0241 0.9992 0.9750 0.9528 0.9194 0.8902 0.9021 0.8325 0.7949 0.7692 0.7456 0.7055 0.6687 0.6408 0.6231 0.6166 0.6095 0.6080 0.6109 0.6177 0.6234 0.6342 0.6475 0.6611 0.6769 0.6915 0.7039 0.7178 0.7357 0.7566 0.7749 0.7986 0.8125 0.8238 0.8551 0.8939 0.9155 0.9427 0.9748 0.9940 1.0144 1.0238 1.0326 1.0478 1.0703 1.1036 1.1448 1.1577 1.1756 1.1755 1.1063 1.0529 0.9049
1.0769 0.9413 0.8347 0.7550 0.7136 0.6968 0.6988 0.7110 0.7359 0.7785 0.8341 0.8883 0.9337 0.9667 0.9891 1.0133 1.0305 1.0472 1.0558 1.0646 1.0737 1.0755 1.0735 1.0767 1.0698 1.0454 1.0168 0.9908 0.9582 0.9163 0.8801 0.8524 0.8320 0.8158 0.8095 0.8063 0.8045 0.8079 0.8130 0.8209 0.8316 0.8447 0.8584 0.8734 0.8880 0.9037 0.9224 0.9457 0.9713 0.9952 1.0118 1.0344 1.0546 1.0726 1.0814 1.1087 1.1136 1.1290 1.1326 1.1281 1.1162 1.1032 1.0930 1.0888 1.0829 1.0266 0.9858 0.9273 0.7922 0.6948 0.6227
0.0000 0.3890 0.5006 0.4962 0.4678 0.4529 0.4457 0.4455 0.4570 0.4815 0.5221 0.5826 0.6352 0.6702 0.7640 0.8284 0.8712 0.9051 0.9314 0.9548 0.9812 1.0135 1.0454 1.0779 1.1002 1.1072 1.1124 1.1122 1.0899 1.0603 1.0311 1.0028 0.9789 0.9607 0.9482 0.9401 0.9345 0.9313 0.9302 0.9321 0.9388 0.9496 0.9631 0.9793 0.9952 1.0108 1.0267 1.0499 1.0727 1.0858 1.1035 1.0960 1.0819 1.0799 1.0617 1.0642 1.0600 1.0506 1.0419 1.0199 0.9808 0.9426 0.9145 0.8935 0.8590 0.7775 0.7160 0.6289 0.5589 0.3726 0.1141
0.0000 0.0881 0.0492 0.0285 0.0231 0.0234 0.0231 0.0366 0.0538 0.0835 0.1738 0.2595 0.3321 0.3973 0.4940 0.5665 0.6141 0.6582 0.7003 0.7441 0.7775 0.8258 0.8717 0.9207 0.9695 1.0094 1.0485 1.0775 1.0911 1.0926 1.0853 1.0644 1.0422 1.0268 1.0184 1.0072 0.9976 0.9912 0.9872 0.9827 0.9830 0.9927 1.0070 1.0215 1.0381 1.0484 1.0418 1.0426 1.0458 1.0146 0.9864 0.9551 0.9062 0.8652 0.8422 0.8075 0.8482 0.8246 0.7932 0.7699 0.7388 0.6584 0.6431 0.6486 0.5929 0.5329 0.4724 0.3169 0.0776 0.0141 0.0000
0.0000 0.0000 0.0000 0.0000 0.0000 0.0000 0.0000 0.0000 0.0000 0.0000 0.0000 0.0000 0.0045 0.0221 0.0814 0.1999 0.3035 0.3843 0.4524 0.5254 0.5670 0.6026 0.6451 0.6875 0.7425 0.8069 0.8610 0.9243 0.9672 0.9943 1.0045 1.0016 0.9963 1.0009 1.0079 1.0005 0.9933 0.9882 0.9797 0.9695 0.9613 0.9740 0.9890 1.0006 1.0047 0.9700 0.9228 0.8784 0.8273 0.7613 0.7225 0.6788 0.6102 0.5616 0.5455 0.5148 0.5645 0.5786 0.5448 0.5184 0.5156 0.4349 0.3954 0.3621 0.2770 0.1275 0.0107 0.0000 0.0000 0.0000 0.0000
0.0000 0.0000 0.0000 0.0000 0.0000 0.0000 0.0000 0.0000 0.0000 0.0000 0.0000 0.0000 0.0000 0.0000 0.0000 0.0000 0.0000 0.0000 0.0075 0.0377 0.0895 0.1887 0.2921 0.3772 0.4533 0.5167 0.5725 0.6402 0.7005 0.7469 0.7779 0.8030 0.8170 0.8956 0.9484 0.9014 0.8961 0.9095 0.9011 0.8849 0.8686 0.8821 0.9323 0.8844 0.8983 0.8631 0.7044 0.7060 0.6370 0.5332 0.4690 0.4114 0.3584 0.3167 0.2829 0.2804 0.2785 0.2875 0.2494 0.1926 0.0675 0.0309 0.0114 0.0009 0.0000 0.0000 0.0000 0.0000 0.0000 0.0000 0.0000
0.0000 0.0000 0.0000 0.0000 0.0000 0.0000 0.0000 0.0000 0.0000 0.0000 0.0000 0.0000 0.0000 0.0000 0.0000 0.0000 0.0000 0.0000 0.0000 0.0000 0.0000 0.0000 0.0190 0.0475 0.1382 0.2276 0.3181 0.4091 0.4706 0.5129 0.5394 0.5874 0.5568 0.8242 0.8241 0.5201 0.6949 0.7408 0.7428 0.7382 0.6888 0.6749 0.7351 0.5630 0.3869 0.0106 0.0025 0.0000 0.0000 0.0000 0.0000 0.0000 0.0000 0.0000 0.0000 0.0000 0.0000 0.0017 0.0000 0.0000 0.0000 0.0000 0.0000 0.0000 0.0000 0.0000 0.0000 0.0000 0.0000 0.0000 0.0000
0.0000 0.0000 0.0000 0.0000 0.0000 0.0000 0.0000 0.0000 0.0000 0.0000 0.0000 0.0000 0.0000 0.0000 0.0000 0.0000 0.0000 0.0000 0.0000 0.0000 0.0000 0.0000 0.0000 0.0014 0.0042 0.0196 0.0245 0.0236 0.0220 0.0123 0.0061 0.0000 0.0000 0.0000 0.0000 0.0000 0.0000 0.0000 0.0000 0.0000 0.0000 0.0000 0.0000 0.0000 0.0000 0.0000 0.0000 0.0000 0.0000 0.0000 0.0000 0.0000 0.0000 0.0000 0.0000 0.0000 0.0000 0.0000 0.0000 0.0000 0.0000 0.0000 0.0000 0.0000 0.0000 0.0000 0.0000 0.0000 0.0000 0.0000 0.0000
0.0000 0.0000 0.0000 0.0000 0.0000 0.0000 0.0000 0.0000 0.0000 0.0000 0.0000 0.0000 0.0000 0.0000 0.0000 0.0000 0.0000 0.0000 0.0000 0.0000 0.0000 0.0000 0.0000 0.0000 0.0000 0.0000 0.0000 0.0000 0.0000 0.0000 0.0000 0.0000 0.0000 0.0000 0.0000 0.0000 0.0000 0.0000 0.0000 0.0000 0.0000 0.0000 0.0000 0.0000 0.0000 0.0000 0.0000 0.0000 0.0000 0.0000 0.0000 0.0000 0.0000 0.0000 0.0000 0.0000 0.0000 0.0000 0.0000 0.0000 0.0000 0.0000 0.0000 0.0000 0.0000 0.0000 0.0000 0.0000 0.0000 0.0000 0.0000
