tool_adapters/Deltares_HABITAT/example_maps/Tenryuu_river/standard_maps/flow_velocity_ascending_mean.asc
ncols          735
nrows          17
xllcorner      -61262.8867
yllcorner      -118292.6406
cellsize       25
[rows 0 to 16 of 17, columns 497 to 567 of 735]
0.0000 0.0000 0.0000 0.0000 0.0000 0.0000 0.0000 0.0000 0.0000 0.0000 0.0000 0.0000 0.0000 0.0000 0.0000 0.0000 0.0000 0.0000 0.0000 0.0000 0.0000 0.0000 0.0000 0.0000 0.0000 0.0000 0.0000 0.0000 0.0000 0.0000 0.0000 0.0000 0.0000 0.0000 0.0000 0.0000 0.0000 0.0000 0.0000 0.0000 0.0000 0.0000 0.0000 0.0000 0.0000 0.0000 0.0000 0.0000 0.0000 0.0000 0.0000 0.0000 0.0000 0.0000 0.0000 0.0000 0.0000 0.0000 0.0000 0.0000 0.0000 0.0000 0.0000 0.0000 0.0000 0.0000 0.0000 0.0000 0.0000 0.0000 0.0000
0.0263 0.0204 0.0164 0.0115 0.0090 0.0068 0.0044 0.0033 0.0000 0.0000 0.0000 0.0000 0.0000 0.0000 0.0000 0.0000 0.0000 0.0000 0.0000 0.0000 0.0000 0.0000 0.0000 0.0000 0.0000 0.0000 0.0000 0.0000 0.0000 0.0000 0.0000 0.0000 0.0000 0.0000 0.0000 0.0000 0.0000 0.0000 0.0000 0.0000 0.0000 0.0000 0.0000 0.0000 0.0000 0.0000 0.0000 0.0000 0.0000 0.0000 0.0000 0.0000 0.0000 0.0000 0.0000 0.0000 0.0000 0.0000 0.0000 0.0000 0.0000 0.0000 0.0000 0.0000 0.0000 0.0000 0.0000 0.0000 0.0000 0.0000 0.0000
0.0306 0.0255 0.0218 0.0176 0.0148 0.0113 0.0067 0.0065 0.0000 0.0000 0.0000 0.0000 0.0029 0.0024 0.0010 0.0000 0.0000 0.0000 0.0002 0.0000 0.0000 0.0000 0.0000 0.0000 0.0000 0.0000 0.0000 0.0000 0.0000 0.0000 0.0000 0.0000 0.0000 0.0000 0.0000 0.0000 0.0000 0.0000 0.0000 0.0000 0.0000 0.0000 0.0000 0.0000 0.0000 0.0000 0.0000 0.0000 0.0000 0.0000 0.0000 0.0000 0.0000 0.0000 0.0000 0.0000 0.0000 0.0000 0.0000 0.0000 0.0000 0.0000 0.0000 0.0000 0.0000 0.0000 0.0000 0.0000 0.0000 0.0000 0.0000
0.0368 0.0328 0.0300 0.0276 0.0266 0.0275 0.0328 0.0363 0.0319 0.0585 0.1479 0.2105 0.2601 0.3555 0.4407 0.4849 0.5233 0.5599 0.5723 0.5566 0.5648 0.5834 0.5493 0.5080 0.4839 0.4632 0.4341 0.2205 0.1404 0.0895 0.0418 0.0467 0.0194 0.0128 0.0063 0.0056 0.0080 0.0000 0.0001 0.0005 0.0006 0.0000 0.0003 0.0000 0.0000 0.0000 0.0000 0.0000 0.0000 0.0000 0.0045 0.0000 0.0000 0.0000 0.0000 0.0000 0.0000 0.0000 0.0000 0.0000 0.0000 0.0000 0.0000 0.0000 0.0000 0.0000 0.0000 0.0000 0.0000 0.0000 0.0000
0.0446 0.0427 0.0419 0.0410 0.0398 0.0370 0.0312 0.0188 0.0094 0.0667 0.2006 0.4038 0.5167 0.5835 0.6233 0.6722 0.6800 0.6556 0.6436 0.6556 0.6750 0.6799 0.6706 0.6877 0.7218 0.7603 0.7905 0.7768 0.7536 0.7128 0.7100 0.6805 0.6439 0.6383 0.6013 0.5837 0.6228 0.6342 0.6137 0.5793 0.5223 0.4960 0.4675 0.4471 0.4445 0.4208 0.5752 0.5750 0.4924 0.4605 0.4337 0.4930 0.5552 0.3601 0.3043 0.3547 0.5596 0.5562 0.5331 0.5417 0.5220 0.4847 0.4971 0.4816 0.3958 0.2694 0.2048 0.0314 0.0388 0.3602 0.4412
0.0536 0.0540 0.0548 0.0550 0.0537 0.0497 0.0433 0.0405 0.0394 0.0000 0.0783 0.5710 0.6083 0.6625 0.6364 0.6226 0.6076 0.4915 0.4411 0.4470 0.4860 0.4914 0.5126 0.5110 0.5263 0.5513 0.5801 0.5853 0.5844 0.5943 0.6057 0.5769 0.6394 0.6885 0.6750 0.6978 0.7198 0.7092 0.6598 0.6800 0.6781 0.6771 0.6738 0.6655 0.6616 0.6700 0.6897 0.7009 0.7092 0.7049 0.6884 0.6879 0.6950 0.6855 0.6868 0.7249 0.7645 0.7461 0.7725 0.8185 0.8597 0.9153 0.9514 0.9807 1.0094 1.0232 1.0729 1.1303 1.1981 1.2495 1.2444
0.0632 0.0658 0.0681 0.0698 0.0690 0.0640 0.0529 0.0345 0.0219 0.0000 0.0000 0.5521 0.6034 0.6115 0.4715 0.2288 0.0000 0.0000 0.0000 0.0000 0.0000 0.0065 0.0196 0.0331 0.0599 0.0881 0.1175 0.1385 0.1743 0.2207 0.2554 0.1949 0.1356 0.1316 0.1988 0.4268 0.5218 0.5383 0.5042 0.5019 0.3993 0.3897 0.3942 0.4164 0.4827 0.5406 0.6468 0.6566 0.6326 0.6141 0.5973 0.5715 0.5615 0.5703 0.5752 0.6104 0.6524 0.7274 0.8227 0.9017 0.9191 0.9352 0.9174 0.9110 0.9246 0.9711 1.1055 1.1599 1.2049 1.2289 1.2072
0.0720 0.0765 0.0808 0.0856 0.0898 0.0927 0.0945 0.0901 0.0647 0.0790 0.3853 0.5269 0.5612 0.4817 0.3295 0.0357 0.0000 0.0000 0.0000 0.0000 0.0000 0.0000 0.0000 0.0000 0.0000 0.0000 0.0000 0.0000 0.0000 0.0000 0.0000 0.0000 0.0000 0.0000 0.0000 0.0000 0.0000 0.0000 0.0000 0.0000 0.0000 0.0000 0.0000 0.0426 0.2705 0.3508 0.3956 0.3595 0.3259 0.3270 0.3961 0.5835 0.6120 0.6442 0.6332 0.6362 0.6404 0.7025 0.7628 0.8634 0.9992 1.0439 1.0812 1.1370 1.2185 1.2891 1.3995 1.4805 1.4551 1.3585 1.0224
0.0805 0.0875 0.0945 0.1035 0.1124 0.1218 0.1317 0.1316 0.0727 0.0736 0.3531 0.5938 0.5920 0.4737 0.2918 0.0326 0.0003 0.0000 0.0000 0.0000 0.0000 0.0000 0.0000 0.0000 0.0000 0.0000 0.0000 0.0000 0.0000 0.0000 0.0000 0.0000 0.0000 0.0000 0.0000 0.0000 0.0000 0.0000 0.0000 0.0003 0.0130 0.1566 0.3614 0.4643 0.5498 0.5883 0.6358 0.6719 0.6909 0.7204 0.7444 0.7671 0.7697 0.7993 0.8444 0.8843 0.9453 1.0331 1.1158 1.1748 1.2317 1.3203 1.3887 1.4185 1.4185 1.3753 1.3152 1.2435 0.9548 0.8523 0.6800
0.0865 0.0951 0.1052 0.1189 0.1356 0.1538 0.1760 0.2230 0.1135 0.0000 0.1478 0.6065 0.5836 0.5433 0.4275 0.1575 0.0017 0.0000 0.0000 0.0005 0.0000 0.0000 0.0000 0.0000 0.0000 0.0003 0.0046 0.0001 0.0000 0.0000 0.0000 0.0000 0.0006 0.0370 0.1202 0.2136 0.3272 0.4098 0.4819 0.5517 0.6246 0.6689 0.6980 0.7115 0.7777 0.8295 0.8794 0.9188 0.9153 0.9381 0.9967 1.0206 1.0456 1.1306 1.2000 1.2358 1.2696 1.3147 1.3622 1.3685 1.3559 1.3355 1.4145 1.2660 1.0801 0.9430 0.8270 0.8611 0.4161 0.1858 0.0311
0.0899 0.0990 0.1103 0.1280 0.1566 0.2114 0.3370 0.2579 0.1447 0.0000 0.0000 0.3026 0.3905 0.4713 0.4530 0.4588 0.5196 0.5925 0.6786 0.6955 0.6978 0.6425 0.5778 0.5194 0.4863 0.4240 0.4372 0.4758 0.5148 0.5334 0.5318 0.5528 0.6011 0.6664 0.7470 0.8348 0.8788 0.9145 0.9603 1.0009 1.0422 1.0727 1.1041 1.1364 1.1592 1.1894 1.2180 1.2435 1.2561 1.2661 1.2782 1.2815 1.2709 1.2591 1.2655 1.2725 1.2689 1.2569 1.2437 1.2749 1.1257 0.8474 0.9289 0.8941 0.8994 0.6234 0.2822 0.0000 0.0000 0.0000 0.0000
0.0885 0.0955 0.1033 0.1123 0.1210 0.1273 0.1208 0.0841 0.0703 0.0300 0.0187 0.1242 0.1661 0.2162 0.2871 0.4544 0.6022 0.7350 0.7746 0.7493 0.7011 0.7539 0.7289 0.7100 0.8425 0.9571 0.9836 1.0252 1.0244 1.0279 1.0257 1.0156 1.0065 1.0143 1.0437 1.0802 1.1143 1.1385 1.1590 1.1768 1.1991 1.2246 1.2345 1.2462 1.2530 1.2462 1.2326 1.2261 1.2043 1.1494 1.1032 1.0731 1.0471 1.0104 0.9624 0.8883 0.8150 0.7434 0.7150 0.8481 0.9309 0.7139 0.4272 0.3205 0.1855 0.0244 0.0000 0.0000 0.0000 0.0000 0.0000
0.0846 0.0901 0.0921 0.0929 0.0912 0.0841 0.0686 0.0474 0.0306 0.0210 0.0082 0.0302 0.0412 0.0290 0.3402 0.3375 0.3042 0.3852 0.3248 0.2492 0.3647 0.6206 0.9021 1.1653 1.2620 1.2222 1.1569 1.0573 1.0047 1.0159 1.0358 1.0357 0.9986 0.9531 0.9641 0.9644 0.9565 0.9491 0.9335 0.9080 0.9119 0.9472 0.9317 0.9306 0.9616 0.9355 0.9069 0.9913 1.0444 0.8848 0.5163 0.4399 0.4241 0.4587 0.5474 0.4837 0.4197 0.3557 0.2829 0.1752 0.0387 0.0168 0.0000 0.0000 0.0000 0.0000 0.0000 0.0000 0.0000 0.0000 0.0000
0.0766 0.0781 0.0798 0.0780 0.0733 0.0691 0.0603 0.0527 0.0090 0.0000 0.0000 0.0000 0.0000 0.0000 0.1336 0.1889 1.3301 1.2401 1.1002 1.2437 1.3710 1.5670 1.8661 2.0670 1.8067 0.9022 0.8286 0.7008 0.6343 0.6262 0.6718 0.7249 0.7436 0.7497 0.7026 0.6498 0.6411 0.5997 0.5529 0.5991 0.5618 0.4742 0.4636 0.4272 0.4519 0.3628 0.2578 0.1368 0.0425 0.0381 0.0397 0.0501 0.0153 0.0128 0.0104 0.0000 0.0000 0.0000 0.0000 0.0000 0.0000 0.0000 0.0000 0.0000 0.0000 0.0000 0.0000 0.0000 0.0000 0.0000 0.0000
0.0677 0.0636 0.0635 0.0542 0.0373 0.0359 0.0202 0.0001 0.0000 0.0000 0.0000 0.0000 0.0000 0.0000 0.0006 1.8340 3.2220 3.3116 2.0917 1.8809 1.5044 1.1459 0.7925 0.4371 0.0281 0.0003 0.0000 0.0000 0.0000 0.0000 0.0000 0.0000 0.0000 0.0000 0.0000 0.0000 0.0000 0.0000 0.0000 0.0000 0.0000 0.0000 0.0000 0.0000 0.0000 0.0000 0.0000 0.0000 0.0000 0.0000 0.0000 0.0000 0.0000 0.0000 0.0000 0.0000 0.0000 0.0000 0.0000 0.0000 0.0000 0.0000 0.0000 0.0000 0.0000 0.0000 0.0000 0.0000 0.0000 0.0000 0.0000
0.0000 0.0000 0.0000 0.0000 0.0000 0.0000 0.0000 0.0000 0.0000 0.0000 0.0000 0.0000 0.0000 0.0000 0.0000 0.0000 0.0000 0.0000 0.0000 0.0000 0.0000 0.0000 0.0000 0.0000 0.0000 0.0000 0.0000 0.0000 0.0000 0.0000 0.0000 0.0000 0.0000 0.0000 0.0000 0.0000 0.0000 0.0000 0.0000 0.0000 0.0000 0.0000 0.0000 0.0000 0.0000 0.0000 0.0000 0.0000 0.0000 0.0000 0.0000 0.0000 0.0000 0.0000 0.0000 0.0000 0.0000 0.0000 0.0000 0.0000 0.0000 0.0000 0.0000 0.0000 0.0000 0.0000 0.0000 0.0000 0.0000 0.0000 0.0000
0.0000 0.0000 0.0000 0.0000 0.0000 0.0000 0.0000 0.0000 0.0000 0.0000 0.0000 0.0000 0.0000 0.0000 0.0000 0.0000 0.0000 0.0000 0.0000 0.0000 0.0000 0.0000 0.0000 0.0000 0.0000 0.0000 0.0000 0.0000 0.0000 0.0000 0.0000 0.0000 0.0000 0.0000 0.0000 0.0000 0.0000 0.0000 0.0000 0.0000 0.0000 0.0000 0.0000 0.0000 0.0000 0.0000 0.0000 0.0000 0.0000 0.0000 0.0000 0.0000 0.0000 0.0000 0.0000 0.0000 0.0000 0.0000 0.0000 0.0000 0.0000 0.0000 0.0000 0.0000 0.0000 0.0000 0.0000 0.0000 0.0000 0.0000 0.0000
