tool_adapters/Deltares_HABITAT/example_maps/Tenryuu_river/standard_maps/flow_velocity_egg_max.asc
ncols          735
nrows          17
xllcorner     -64032,966414116
yllcorner     -127089,81923263
cellsize      12
NODATA_value  -9999
[rows 0 to 16 of 17, columns 284 to 354 of 735]
0.0000 0.0000 0.0000 0.0000 0.0000 0.0000 0.0000 0.0000 0.0000 0.0000 0.0000 0.0000 0.0000 0.0000 0.0000 0.0000 0.0000 0.0000 0.0000 0.0000 0.0000 0.0000 0.0000 0.0000 0.0000 0.0000 0.0000 0.0000 0.0000 0.0000 0.0000 0.0000 0.0000 0.0000 0.0000 0.0000 0.0000 0.0000 0.0000 0.0000 0.0000 0.0000 0.0000 0.0000 0.0000 0.0000 0.0000 0.0000 0.0000 0.0000 0.0000 0.0000 0.0000 0.0000 0.0000 0.0000 0.0000 0.0000 0.0000 0.0000 0.0000 0.0000 0.0000 0.0000 0.0000 0.0000 0.0000 0.0000 0.0000 0.0000 0.0000
0.1011 0.0802 0.0000 0.0000 0.0000 0.0000 0.0000 0.0000 0.0043 0.0000 0.0000 0.0000 0.0071 0.0069 0.0122 0.0480 0.0195 0.0266 0.0144 0.0181 0.0138 0.0087 0.0000 0.0000 0.0000 0.0000 0.0000 0.0000 0.0000 0.0000 0.0000 0.0000 0.0000 0.0000 0.0000 0.0000 0.0000 0.0000 0.0000 0.0000 0.0000 0.0000 0.0000 0.0000 0.0000 0.0000 0.0000 0.0170 0.0268 0.0290 0.0319 0.0368 0.0477 0.0596 0.0726 0.0985 0.1223 0.1269 0.1279 0.1446 0.1539 0.1596 0.1643 0.1714 0.1733 0.1685 0.1654 0.1658 0.1692 0.1717 0.1738
0.1858 0.1739 0.1694 0.1654 0.1610 0.1520 0.1382 0.1304 0.1254 0.1250 0.1297 0.1301 0.1256 0.1206 0.1174 0.1149 0.1195 0.1239 0.1278 0.1296 0.1348 0.1381 0.1449 0.1444 0.1405 0.1481 0.1515 0.1570 0.1629 0.1667 0.1713 0.1765 0.1831 0.1885 0.1499 0.1384 0.1649 0.1692 0.1597 0.1533 0.1427 0.1346 0.1291 0.0978 0.0762 0.0628 0.0558 0.0527 0.0510 0.0488 0.0493 0.0531 0.0602 0.0704 0.0847 0.0996 0.1151 0.1292 0.1359 0.1477 0.1563 0.1626 0.1683 0.1737 0.1744 0.1708 0.1699 0.1713 0.1744 0.1783 0.1837
0.2210 0.2149 0.2086 0.2008 0.1930 0.1704 0.1603 0.1606 0.1614 0.1624 0.1637 0.1628 0.1615 0.1596 0.1582 0.1554 0.1501 0.1493 0.1480 0.1466 0.1572 0.1626 0.1648 0.1668 0.1660 0.1720 0.1743 0.1770 0.1807 0.1851 0.1885 0.1914 0.1906 0.1914 0.1801 0.1734 0.1727 0.1673 0.1637 0.1577 0.1500 0.1443 0.1434 0.1150 0.0848 0.0712 0.0704 0.0723 0.0735 0.0731 0.0737 0.0767 0.0811 0.0867 0.0958 0.1076 0.1216 0.1324 0.1416 0.1527 0.1626 0.1705 0.1753 0.1807 0.1778 0.1798 0.1802 0.1807 0.1835 0.1861 0.1897
0.2279 0.2223 0.2171 0.2103 0.2078 0.2031 0.2012 0.2002 0.1968 0.1938 0.1895 0.1880 0.1867 0.1852 0.1827 0.1806 0.1798 0.1786 0.1781 0.1626 0.1825 0.1890 0.1934 0.1948 0.1990 0.1992 0.1944 0.1965 0.2013 0.2112 0.2128 0.2154 0.2145 0.2112 0.2042 0.1957 0.1894 0.1818 0.1750 0.1678 0.1609 0.1555 0.1530 0.1486 0.1207 0.0968 0.0959 0.0974 0.0969 0.0950 0.0942 0.0950 0.0991 0.1042 0.1117 0.1216 0.1324 0.1425 0.1528 0.1646 0.1748 0.1842 0.1879 0.1882 0.1906 0.1907 0.1911 0.1900 0.1899 0.1902 0.1908
0.2201 0.2163 0.2120 0.2080 0.2056 0.2065 0.2082 0.2064 0.2057 0.2036 0.2021 0.2014 0.2000 0.1982 0.1961 0.1933 0.1886 0.1843 0.2052 0.2043 0.2087 0.2115 0.2152 0.2177 0.2213 0.2220 0.2205 0.2236 0.2289 0.2334 0.2370 0.2403 0.2401 0.2366 0.2314 0.2207 0.2096 0.2008 0.1933 0.1855 0.1793 0.1725 0.1684 0.1667 0.1536 0.1333 0.1297 0.1271 0.1250 0.1224 0.1200 0.1188 0.1206 0.1248 0.1315 0.1396 0.1490 0.1584 0.1683 0.1807 0.1925 0.1962 0.2009 0.2012 0.2017 0.1993 0.1967 0.1939 0.1913 0.1892 0.1877
0.2025 0.1953 0.1866 0.1856 0.1900 0.1904 0.1872 0.1856 0.1866 0.1906 0.1957 0.1970 0.1983 0.1996 0.2007 0.2020 0.2040 0.2072 0.2126 0.2175 0.2227 0.2262 0.2294 0.2326 0.2361 0.2419 0.2474 0.2526 0.2561 0.2599 0.2632 0.2649 0.2621 0.2572 0.2503 0.2414 0.2330 0.2258 0.2183 0.2100 0.2034 0.1975 0.1915 0.1867 0.1795 0.1689 0.1622 0.1575 0.1539 0.1509 0.1481 0.1458 0.1450 0.1474 0.1528 0.1587 0.1671 0.1763 0.1867 0.1962 0.2043 0.2096 0.2119 0.2102 0.2072 0.2025 0.1970 0.1916 0.1865 0.1829 0.1804
0.1925 0.1870 0.1766 0.1712 0.1723 0.1734 0.1726 0.1769 0.1780 0.1804 0.1847 0.1912 0.1953 0.1991 0.2027 0.2068 0.2110 0.2139 0.2147 0.2230 0.2300 0.2339 0.2379 0.2435 0.2501 0.2593 0.2663 0.2700 0.2750 0.2784 0.2791 0.2793 0.2779 0.2749 0.2712 0.2614 0.2556 0.2498 0.2436 0.2370 0.2303 0.2231 0.2162 0.2095 0.2030 0.1960 0.1898 0.1847 0.1803 0.1764 0.1734 0.1710 0.1698 0.1706 0.1735 0.1779 0.1841 0.1917 0.2003 0.2093 0.2146 0.2172 0.2172 0.2134 0.2069 0.1994 0.1912 0.1840 0.1773 0.1710 0.1687
0.1917 0.1898 0.1863 0.1819 0.1770 0.1764 0.1790 0.1801 0.1818 0.1845 0.1880 0.1919 0.1965 0.2014 0.2058 0.2100 0.2136 0.2174 0.2225 0.2289 0.2341 0.2407 0.2458 0.2529 0.2612 0.2704 0.2770 0.2816 0.2868 0.2910 0.2889 0.2889 0.2891 0.2868 0.2834 0.2812 0.2773 0.2721 0.2659 0.2593 0.2525 0.2456 0.2386 0.2317 0.2251 0.2187 0.2129 0.2077 0.2030 0.1987 0.1950 0.1921 0.1904 0.1902 0.1916 0.1945 0.1989 0.2044 0.2112 0.2170 0.2207 0.2208 0.2177 0.2112 0.2013 0.1909 0.1813 0.1723 0.1645 0.1586 0.1533
0.2020 0.2011 0.2000 0.1963 0.1906 0.1863 0.1852 0.1860 0.1881 0.1910 0.1945 0.1983 0.2025 0.2071 0.2118 0.2162 0.2198 0.2230 0.2267 0.2314 0.2372 0.2438 0.2512 0.2586 0.2663 0.2754 0.2828 0.2880 0.2933 0.2975 0.2970 0.2941 0.2979 0.2988 0.2977 0.2959 0.2927 0.2881 0.2827 0.2766 0.2702 0.2636 0.2568 0.2500 0.2438 0.2378 0.2321 0.2268 0.2218 0.2172 0.2130 0.2094 0.2068 0.2053 0.2051 0.2064 0.2086 0.2124 0.2168 0.2216 0.2232 0.2213 0.2141 0.2032 0.1902 0.1779 0.1675 0.1578 0.1497 0.1434 0.1385
0.2074 0.2062 0.2054 0.2018 0.1952 0.1894 0.1872 0.1877 0.1890 0.1910 0.1937 0.1973 0.2014 0.2076 0.2140 0.2185 0.2208 0.2223 0.2245 0.2277 0.2325 0.2392 0.2479 0.2577 0.2673 0.2762 0.2842 0.2908 0.2956 0.2990 0.3013 0.3018 0.3043 0.3059 0.3056 0.3042 0.3017 0.2982 0.2937 0.2883 0.2825 0.2763 0.2700 0.2636 0.2574 0.2518 0.2465 0.2414 0.2364 0.2314 0.2265 0.2220 0.2182 0.2153 0.2133 0.2129 0.2117 0.2146 0.2195 0.2234 0.2224 0.2162 0.2064 0.1919 0.1756 0.1616 0.1511 0.1417 0.1335 0.1267 0.1223
0.2000 0.1991 0.1980 0.1946 0.1886 0.1835 0.1803 0.1788 0.1784 0.1795 0.1823 0.1888 0.1954 0.2024 0.2086 0.2120 0.2119 0.2124 0.2141 0.2168 0.2218 0.2289 0.2392 0.2511 0.2624 0.2725 0.2806 0.2872 0.2932 0.2983 0.3022 0.3049 0.3063 0.3078 0.3074 0.3067 0.3052 0.3026 0.2991 0.2948 0.2897 0.2841 0.2783 0.2723 0.2663 0.2611 0.2563 0.2516 0.2467 0.2414 0.2354 0.2296 0.2247 0.2208 0.2160 0.2119 0.2102 0.2139 0.2195 0.2206 0.2158 0.2079 0.1948 0.1756 0.1572 0.1431 0.1341 0.1242 0.1161 0.1089 0.1035
0.1819 0.1807 0.1813 0.1780 0.1729 0.1672 0.1632 0.1610 0.1621 0.1631 0.1686 0.1772 0.1793 0.1889 0.1876 0.1967 0.1981 0.1964 0.1970 0.2005 0.2062 0.2136 0.2258 0.2375 0.2480 0.2580 0.2689 0.2791 0.2876 0.2936 0.2983 0.3028 0.3050 0.3035 0.3030 0.3042 0.3038 0.3021 0.2997 0.2965 0.2923 0.2874 0.2822 0.2766 0.2709 0.2661 0.2618 0.2577 0.2532 0.2483 0.2398 0.2330 0.2267 0.2206 0.2130 0.2066 0.2048 0.2108 0.2147 0.2149 0.2044 0.1933 0.1820 0.1560 0.1364 0.1222 0.1213 0.1080 0.0985 0.0888 0.0778
0.1516 0.1532 0.1570 0.1529 0.1450 0.1358 0.1269 0.1153 0.1149 0.1107 0.1185 0.1278 0.1239 0.1676 0.1816 0.1465 0.1528 0.1535 0.1663 0.1770 0.1848 0.1897 0.1962 0.2189 0.2290 0.2451 0.2590 0.2696 0.2814 0.2854 0.2895 0.2958 0.2957 0.2906 0.2948 0.2973 0.2975 0.2969 0.2962 0.2941 0.2908 0.2868 0.2823 0.2771 0.2717 0.2671 0.2629 0.2602 0.2577 0.2536 0.2411 0.2291 0.2252 0.2167 0.2046 0.1944 0.1939 0.2005 0.2053 0.2032 0.1809 0.1650 0.1760 0.1308 0.1115 0.0885 0.0993 0.0839 0.0793 0.0706 0.0267
0.0984 0.1050 0.1232 0.1325 0.0999 0.0937 0.0846 0.0753 0.0577 0.0312 0.0230 0.0000 0.0000 0.0000 0.0000 0.0000 0.0000 0.0000 0.0000 0.0000 0.0000 0.0000 0.0222 0.0766 0.1235 0.1648 0.1954 0.2147 0.2332 0.2379 0.2490 0.2667 0.2703 0.2714 0.2775 0.2827 0.2864 0.2877 0.2889 0.2884 0.2859 0.2831 0.2792 0.2744 0.2689 0.2628 0.2560 0.2529 0.2625 0.2680 0.2485 0.2253 0.2246 0.2150 0.1907 0.1771 0.1672 0.1877 0.1835 0.1920 0.1388 0.0875 0.0223 0.0000 0.0000 0.0000 0.0000 0.0000 0.0000 0.0000 0.0000
0.0519 0.0524 0.0517 0.0000 0.0000 0.0000 0.0000 0.0000 0.0000 0.0000 0.0000 0.0000 0.0000 0.0000 0.0000 0.0000 0.0000 0.0000 0.0000 0.0000 0.0000 0.0000 0.0000 0.0000 0.0000 0.0000 0.0765 0.1102 0.1614 0.1890 0.2118 0.2387 0.2506 0.2561 0.2674 0.2746 0.2747 0.2788 0.2824 0.2826 0.2808 0.2790 0.2759 0.2715 0.2662 0.2601 0.2536 0.2452 0.2388 0.2491 0.2537 0.2541 0.2400 0.2133 0.1580 0.1560 0.1306 0.1508 0.1039 0.0000 0.0000 0.0000 0.0000 0.0000 0.0000 0.0000 0.0000 0.0000 0.0000 0.0000 0.0000
0.0000 0.0000 0.0000 0.0000 0.0000 0.0000 0.0000 0.0000 0.0000 0.0000 0.0000 0.0000 0.0000 0.0000 0.0000 0.0000 0.0000 0.0000 0.0000 0.0000 0.0000 0.0000 0.0000 0.0000 0.0000 0.0000 0.0000 0.0000 0.0000 0.0000 0.0000 0.0000 0.0000 0.0000 0.0000 0.0000 0.0000 0.0000 0.0000 0.0000 0.0000 0.0000 0.0000 0.0000 0.0000 0.0000 0.0000 0.0000 0.0000 0.0000 0.0000 0.0000 0.0000 0.0000 0.0000 0.0000 0.0000 0.0000 0.0000 0.0000 0.0000 0.0000 0.0000 0.0000 0.0000 0.0000 0.0000 0.0000 0.0000 0.0000 0.0000
