tool_adapters/Deltares_HABITAT/example_maps/Tenryuu_river/standard_maps/flow_velocity_ascending_mean.asc
ncols          735
nrows          17
xllcorner      -61262.8867
yllcorner      -118292.6406
cellsize       25
[rows 0 to 16 of 17, columns 355 to 425 of 735]
0.0000 0.0000 0.0000 0.0000 0.0000 0.0000 0.0000 0.0000 0.0000 0.0000 0.0000 0.0000 0.0000 0.0000 0.0000 0.0000 0.0000 0.0000 0.0000 0.0000 0.0000 0.0000 0.0000 0.0000 0.0000 0.0000 0.0000 0.0000 0.0000 0.0000 0.0000 0.0000 0.0000 0.0000 0.0000 0.0000 0.0000 0.0000 0.0000 0.0000 0.0000 0.0000 0.0000 0.0000 0.0000 0.0000 0.0000 0.0000 0.0000 0.0000 0.0000 0.0000 0.0000 0.0000 0.0000 0.0000 0.0000 0.0000 0.0000 0.0000 0.0000 0.0000 0.0000 0.0000 0.0000 0.0000 0.0000 0.0000 0.0000 0.0000 0.0000
0.1413 0.1611 0.1587 0.1577 0.1605 0.1532 0.1391 0.1393 0.1369 0.1349 0.1347 0.1363 0.1396 0.1434 0.1470 0.1495 0.1511 0.1521 0.1525 0.1520 0.1510 0.1500 0.1491 0.1486 0.1499 0.1516 0.1526 0.1517 0.1407 0.1463 0.1406 0.1395 0.1267 0.1271 0.1272 0.1322 0.1330 0.1334 0.1294 0.1304 0.1410 0.1329 0.1441 0.1389 0.1353 0.1328 0.1323 0.1245 0.1153 0.1179 0.1452 0.1509 0.1334 0.1461 0.1410 0.1033 0.1011 0.1032 0.0809 0.0915 0.0816 0.0766 0.0766 0.0577 0.0495 0.0000 0.0000 0.0000 0.0000 0.0000 0.0000
0.1458 0.1531 0.1544 0.1551 0.1562 0.1516 0.1440 0.1406 0.1377 0.1354 0.1347 0.1358 0.1383 0.1416 0.1448 0.1472 0.1489 0.1499 0.1502 0.1500 0.1493 0.1485 0.1480 0.1479 0.1486 0.1492 0.1492 0.1489 0.1432 0.1421 0.1382 0.1361 0.1289 0.1275 0.1274 0.1296 0.1299 0.1311 0.1310 0.1322 0.1364 0.1346 0.1384 0.1375 0.1346 0.1334 0.1311 0.1288 0.1256 0.1262 0.1350 0.1491 0.1426 0.1363 0.1283 0.1212 0.1131 0.1069 0.1021 0.0990 0.0977 0.0993 0.0937 0.0908 0.0904 0.0848 0.0861 0.0904 0.0892 0.0841 0.0811
0.1467 0.1504 0.1516 0.1505 0.1498 0.1477 0.1437 0.1403 0.1375 0.1354 0.1343 0.1346 0.1362 0.1385 0.1410 0.1432 0.1449 0.1460 0.1465 0.1464 0.1459 0.1453 0.1450 0.1450 0.1453 0.1454 0.1448 0.1434 0.1409 0.1384 0.1345 0.1317 0.1281 0.1262 0.1255 0.1263 0.1268 0.1274 0.1284 0.1303 0.1319 0.1324 0.1328 0.1332 0.1317 0.1311 0.1300 0.1284 0.1269 0.1278 0.1359 0.1458 0.1422 0.1352 0.1304 0.1252 0.1194 0.1150 0.1115 0.1094 0.1086 0.1095 0.1081 0.1066 0.1037 0.0997 0.0959 0.0939 0.0958 0.0921 0.0916
0.1450 0.1462 0.1467 0.1462 0.1445 0.1420 0.1393 0.1371 0.1350 0.1333 0.1323 0.1321 0.1329 0.1344 0.1363 0.1381 0.1396 0.1407 0.1412 0.1412 0.1411 0.1406 0.1402 0.1399 0.1398 0.1397 0.1390 0.1374 0.1352 0.1326 0.1295 0.1266 0.1239 0.1224 0.1217 0.1217 0.1219 0.1227 0.1236 0.1250 0.1263 0.1269 0.1275 0.1272 0.1271 0.1265 0.1262 0.1258 0.1255 0.1264 0.1314 0.1389 0.1368 0.1335 0.1298 0.1263 0.1226 0.1195 0.1171 0.1156 0.1148 0.1153 0.1144 0.1132 0.1101 0.1063 0.1039 0.1026 0.1020 0.1006 0.0981
0.1407 0.1404 0.1399 0.1389 0.1380 0.1355 0.1336 0.1316 0.1304 0.1289 0.1281 0.1279 0.1283 0.1293 0.1306 0.1322 0.1336 0.1346 0.1350 0.1351 0.1347 0.1344 0.1338 0.1333 0.1331 0.1326 0.1319 0.1306 0.1283 0.1257 0.1226 0.1201 0.1181 0.1167 0.1158 0.1155 0.1157 0.1164 0.1173 0.1182 0.1190 0.1198 0.1204 0.1208 0.1207 0.1208 0.1208 0.1209 0.1212 0.1216 0.1240 0.1323 0.1312 0.1295 0.1272 0.1247 0.1221 0.1197 0.1184 0.1174 0.1168 0.1168 0.1162 0.1152 0.1137 0.1110 0.1085 0.1060 0.1034 0.1026 0.1032
0.1338 0.1328 0.1316 0.1301 0.1296 0.1279 0.1259 0.1241 0.1241 0.1227 0.1221 0.1219 0.1222 0.1229 0.1241 0.1254 0.1268 0.1278 0.1280 0.1281 0.1275 0.1268 0.1263 0.1257 0.1252 0.1247 0.1239 0.1231 0.1207 0.1177 0.1144 0.1127 0.1109 0.1100 0.1090 0.1084 0.1084 0.1088 0.1094 0.1101 0.1107 0.1113 0.1121 0.1127 0.1134 0.1139 0.1144 0.1148 0.1155 0.1160 0.1162 0.1247 0.1246 0.1237 0.1223 0.1204 0.1185 0.1169 0.1165 0.1158 0.1154 0.1154 0.1149 0.1140 0.1127 0.1109 0.1089 0.1069 0.1050 0.1035 0.1020
0.1254 0.1239 0.1224 0.1209 0.1192 0.1187 0.1170 0.1159 0.1151 0.1140 0.1146 0.1146 0.1151 0.1158 0.1168 0.1180 0.1191 0.1198 0.1200 0.1201 0.1196 0.1187 0.1177 0.1170 0.1163 0.1160 0.1154 0.1146 0.1125 0.1095 0.1065 0.1042 0.1029 0.1023 0.1013 0.1006 0.1006 0.1005 0.1009 0.1012 0.1017 0.1023 0.1030 0.1039 0.1050 0.1061 0.1071 0.1081 0.1090 0.1099 0.1103 0.1154 0.1166 0.1160 0.1152 0.1142 0.1133 0.1125 0.1121 0.1120 0.1118 0.1116 0.1112 0.1104 0.1096 0.1079 0.1064 0.1050 0.1037 0.1023 0.1013
0.1152 0.1140 0.1124 0.1105 0.1085 0.1076 0.1065 0.1059 0.1058 0.1054 0.1057 0.1059 0.1067 0.1078 0.1087 0.1097 0.1106 0.1111 0.1114 0.1110 0.1104 0.1089 0.1073 0.1070 0.1069 0.1068 0.1064 0.1056 0.1035 0.1003 0.0982 0.0960 0.0949 0.0939 0.0932 0.0924 0.0920 0.0919 0.0919 0.0920 0.0923 0.0927 0.0936 0.0949 0.0966 0.0981 0.0995 0.1007 0.1019 0.1032 0.1045 0.1058 0.1078 0.1071 0.1071 0.1071 0.1069 0.1067 0.1067 0.1065 0.1064 0.1062 0.1057 0.1052 0.1044 0.1033 0.1022 0.1014 0.1006 0.1000 0.0994
0.1041 0.1026 0.1009 0.0990 0.0971 0.0961 0.0953 0.0951 0.0954 0.0957 0.0962 0.0968 0.0978 0.0991 0.1002 0.1008 0.1013 0.1014 0.1010 0.1023 0.0994 0.0977 0.0952 0.0963 0.0969 0.0969 0.0966 0.0956 0.0936 0.0913 0.0894 0.0877 0.0865 0.0854 0.0846 0.0839 0.0831 0.0827 0.0825 0.0825 0.0826 0.0829 0.0840 0.0861 0.0882 0.0904 0.0915 0.0928 0.0938 0.0953 0.0969 0.0986 0.0964 0.0977 0.0987 0.0992 0.0995 0.0996 0.1001 0.1001 0.0998 0.0995 0.0988 0.0985 0.0983 0.0980 0.0974 0.0969 0.0966 0.0963 0.0962
0.0923 0.0907 0.0887 0.0864 0.0845 0.0842 0.0845 0.0848 0.0852 0.0855 0.0860 0.0871 0.0881 0.0903 0.0907 0.0909 0.0914 0.0909 0.0929 0.0917 0.0893 0.0837 0.0813 0.0838 0.0860 0.0867 0.0865 0.0850 0.0835 0.0818 0.0804 0.0791 0.0780 0.0769 0.0760 0.0752 0.0740 0.0733 0.0728 0.0728 0.0729 0.0734 0.0748 0.0768 0.0794 0.0821 0.0836 0.0846 0.0852 0.0867 0.0875 0.0887 0.0875 0.0882 0.0901 0.0902 0.0910 0.0918 0.0927 0.0929 0.0928 0.0927 0.0924 0.0919 0.0921 0.0921 0.0917 0.0916 0.0916 0.0916 0.0920
0.0795 0.0772 0.0747 0.0726 0.0711 0.0718 0.0733 0.0742 0.0745 0.0745 0.0748 0.0763 0.0770 0.0787 0.0807 0.0805 0.0821 0.0828 0.0835 0.0788 0.0741 0.0684 0.0664 0.0704 0.0747 0.0767 0.0764 0.0748 0.0739 0.0727 0.0720 0.0708 0.0697 0.0687 0.0676 0.0664 0.0649 0.0636 0.0632 0.0635 0.0631 0.0641 0.0655 0.0678 0.0701 0.0732 0.0766 0.0754 0.0764 0.0774 0.0775 0.0786 0.0787 0.0784 0.0813 0.0811 0.0828 0.0843 0.0844 0.0852 0.0856 0.0854 0.0853 0.0850 0.0852 0.0853 0.0854 0.0856 0.0859 0.0863 0.0872
0.0673 0.0659 0.0576 0.0593 0.0564 0.0584 0.0624 0.0632 0.0631 0.0625 0.0604 0.0627 0.0654 0.0673 0.0683 0.0691 0.0713 0.0745 0.0686 0.0611 0.0542 0.0485 0.0516 0.0582 0.0637 0.0667 0.0665 0.0658 0.0655 0.0651 0.0664 0.0637 0.0606 0.0610 0.0611 0.0584 0.0557 0.0537 0.0539 0.0536 0.0533 0.0551 0.0565 0.0591 0.0597 0.0645 0.0686 0.0666 0.0678 0.0663 0.0657 0.0680 0.0686 0.0698 0.0712 0.0725 0.0736 0.0765 0.0767 0.0779 0.0783 0.0783 0.0780 0.0781 0.0782 0.0782 0.0787 0.0791 0.0798 0.0807 0.0821
0.0323 0.0232 0.0217 0.0242 0.0278 0.0391 0.0538 0.0532 0.0473 0.0479 0.0468 0.0443 0.0465 0.0541 0.0534 0.0552 0.0547 0.0515 0.0437 0.0397 0.0350 0.0329 0.0354 0.0416 0.0495 0.0571 0.0565 0.0568 0.0569 0.0522 0.0566 0.0612 0.0586 0.0580 0.0492 0.0430 0.0450 0.0442 0.0444 0.0433 0.0434 0.0445 0.0457 0.0482 0.0516 0.0550 0.0578 0.0520 0.0556 0.0531 0.0523 0.0552 0.0572 0.0579 0.0597 0.0622 0.0647 0.0679 0.0701 0.0710 0.0705 0.0710 0.0707 0.0700 0.0706 0.0711 0.0706 0.0710 0.0720 0.0732 0.0755
0.0000 0.0000 0.0000 0.0000 0.0000 0.0000 0.0000 0.0000 0.0000 0.0000 0.0000 0.0000 0.0000 0.0000 0.0000 0.0000 0.0000 0.0000 0.0026 0.0108 0.0141 0.0162 0.0177 0.0183 0.0160 0.0013 0.0000 0.0000 0.0000 0.0000 0.0000 0.0000 0.0000 0.0000 0.0000 0.0000 0.0179 0.0259 0.0294 0.0311 0.0340 0.0355 0.0369 0.0364 0.0430 0.0424 0.0404 0.0379 0.0428 0.0426 0.0376 0.0415 0.0462 0.0456 0.0493 0.0547 0.0582 0.0622 0.0640 0.0651 0.0620 0.0628 0.0623 0.0618 0.0638 0.0643 0.0650 0.0653 0.0651 0.0667 0.0694
0.0000 0.0000 0.0000 0.0000 0.0000 0.0000 0.0000 0.0000 0.0000 0.0000 0.0000 0.0000 0.0000 0.0000 0.0000 0.0000 0.0000 0.0000 0.0000 0.0000 0.0000 0.0000 0.0000 0.0000 0.0000 0.0000 0.0000 0.0000 0.0000 0.0000 0.0000 0.0000 0.0000 0.0000 0.0000 0.0000 0.0000 0.0000 0.0000 0.0006 0.0014 0.0013 0.0026 0.0039 0.0153 0.0199 0.0180 0.0126 0.0000 0.0000 0.0004 0.0089 0.0201 0.0290 0.0402 0.0461 0.0456 0.0556 0.0648 0.0526 0.0484 0.0570 0.0545 0.0563 0.0587 0.0617 0.0630 0.0622 0.0591 0.0627 0.0652
0.0000 0.0000 0.0000 0.0000 0.0000 0.0000 0.0000 0.0000 0.0000 0.0000 0.0000 0.0000 0.0000 0.0000 0.0000 0.0000 0.0000 0.0000 0.0000 0.0000 0.0000 0.0000 0.0000 0.0000 0.0000 0.0000 0.0000 0.0000 0.0000 0.0000 0.0000 0.0000 0.0000 0.0000 0.0000 0.0000 0.0000 0.0000 0.0000 0.0000 0.0000 0.0000 0.0000 0.0000 0.0000 0.0000 0.0000 0.0000 0.0000 0.0000 0.0000 0.0000 0.0000 0.0000 0.0000 0.0000 0.0000 0.0000 0.0000 0.0000 0.0000 0.0000 0.0000 0.0000 0.0000 0.0000 0.0000 0.0000 0.0000 0.0000 0.0000
