tool_adapters/Deltares_HABITAT/example_maps/Tenryuu_river/standard_maps/flow_velocity_feeding_mean.asc
ncols          735
nrows          17
xllcorner      -61262.8867
yllcorner      -118292.6406
cellsize       25
[rows 0 to 16 of 17, columns 142 to 212 of 735]
0.0000 0.0000 0.0000 0.0000 0.0000 0.0000 0.0000 0.0000 0.0000 0.0000 0.0000 0.0000 0.0000 0.0000 0.0000 0.0000 0.0000 0.0000 0.0000 0.0000 0.0000 0.0000 0.0000 0.0000 0.0000 0.0000 0.0000 0.0000 0.0000 0.0000 0.0000 0.0000 0.0000 0.0000 0.0000 0.0000 0.0000 0.0000 0.0000 0.0000 0.0000 0.0000 0.0000 0.0000 0.0000 0.0000 0.0000 0.0000 0.0000 0.0000 0.0000 0.0000 0.0000 0.0000 0.0000 0.0000 0.0000 0.0000 0.0000 0.0000 0.0000 0.0000 0.0000 0.0000 0.0000 0.0000 0.0000 0.0000 0.0000 0.0000 0.0000
0.0653 0.0690 0.0784 0.0901 0.1004 0.1177 0.1332 0.1459 0.1675 0.1920 0.2270 0.2605 0.2978 0.3336 0.3940 0.4482 0.4873 0.5236 0.5758 0.6283 0.6947 0.7333 0.8392 1.0812 1.1983 1.0604 1.2707 1.1703 1.1448 1.0027 1.3483 1.2521 1.1147 1.0436 0.8593 0.7501 0.7069 0.8476 0.8737 1.0899 1.2995 1.3916 1.4438 1.4239 1.6796 1.6661 1.5504 1.3579 1.5096 1.5530 1.5364 1.5550 1.6415 1.6254 1.5673 1.5543 1.5195 1.4792 1.4418 1.4040 1.3745 1.3559 1.3502 1.3767 1.4058 1.4311 1.4450 1.4538 1.4895 1.7931 1.5892
0.0925 0.0994 0.1065 0.1165 0.1264 0.1393 0.1528 0.1677 0.1836 0.2063 0.2353 0.2716 0.3187 0.3716 0.4362 0.4971 0.5535 0.6100 0.6723 0.7130 0.7484 0.8036 0.9046 1.0541 1.1604 1.2117 1.3322 1.3215 1.3662 1.4212 1.6240 1.6525 1.7253 1.7335 1.7279 1.7462 1.7486 1.6912 1.6194 1.6191 1.6639 1.6823 1.6894 1.6794 1.7296 1.7556 1.7077 1.6146 1.6175 1.6183 1.6091 1.6037 1.6046 1.6135 1.5786 1.5491 1.5200 1.4893 1.4581 1.4250 1.3931 1.3667 1.3477 1.3510 1.3623 1.3787 1.4069 1.4661 1.5770 1.7593 1.7441
0.1271 0.1353 0.1440 0.1544 0.1667 0.1816 0.1989 0.2208 0.2484 0.2844 0.3204 0.3628 0.4218 0.4845 0.5444 0.5939 0.6421 0.6978 0.7604 0.8099 0.8646 0.9340 1.0329 1.1435 1.2360 1.3022 1.3862 1.4219 1.4776 1.5639 1.6934 1.7627 1.8201 1.8717 1.9036 1.9136 1.9126 1.8918 1.8618 1.8452 1.8414 1.8354 1.8261 1.8073 1.8081 1.7911 1.7676 1.7256 1.6951 1.6666 1.6420 1.6207 1.6024 1.5803 1.5599 1.5365 1.5101 1.4849 1.4617 1.4408 1.4220 1.4064 1.3966 1.3969 1.4048 1.4163 1.4364 1.4796 1.5507 1.6298 1.6835
0.1815 0.1944 0.2060 0.2169 0.2275 0.2388 0.2528 0.2730 0.2996 0.3369 0.3775 0.4306 0.4997 0.5790 0.6500 0.7156 0.7804 0.8629 0.9459 1.0196 1.1002 1.1879 1.2899 1.3876 1.4645 1.5222 1.5731 1.6042 1.6386 1.6912 1.7599 1.8047 1.8399 1.8609 1.8804 1.8895 1.9037 1.9033 1.8943 1.8852 1.8778 1.8689 1.8560 1.8409 1.8246 1.8100 1.7875 1.7563 1.7266 1.6970 1.6661 1.6369 1.6075 1.5816 1.5529 1.5280 1.5055 1.4845 1.4660 1.4523 1.4400 1.4335 1.4328 1.4375 1.4475 1.4611 1.4831 1.5133 1.5520 1.5910 1.6103
0.2273 0.2380 0.2503 0.2645 0.2808 0.3000 0.3235 0.3540 0.3944 0.4484 0.5144 0.5901 0.6726 0.7581 0.8393 0.9331 1.0349 1.1246 1.2128 1.3027 1.3917 1.4752 1.5562 1.6235 1.6746 1.7132 1.7350 1.7475 1.7559 1.7716 1.7944 1.8112 1.8223 1.8273 1.8250 1.8208 1.8195 1.8173 1.8154 1.8153 1.8150 1.8137 1.8101 1.8026 1.7939 1.7819 1.7674 1.7476 1.7245 1.6991 1.6727 1.6444 1.6145 1.5844 1.5561 1.5292 1.5048 1.4840 1.4661 1.4535 1.4446 1.4419 1.4444 1.4521 1.4642 1.4798 1.5006 1.5257 1.5522 1.5753 1.5931
0.2834 0.3076 0.3306 0.3553 0.3823 0.4164 0.4601 0.5209 0.5953 0.6797 0.7608 0.8478 0.9457 1.0527 1.1442 1.2367 1.3233 1.4057 1.4867 1.5630 1.6340 1.6934 1.7410 1.7727 1.7907 1.7954 1.7823 1.7653 1.7494 1.7391 1.7341 1.7304 1.7259 1.7190 1.7087 1.6978 1.6887 1.6811 1.6767 1.6748 1.6766 1.6813 1.6876 1.6934 1.6983 1.7001 1.6984 1.6931 1.6845 1.6706 1.6511 1.6296 1.6050 1.5792 1.5531 1.5273 1.5033 1.4820 1.4647 1.4521 1.4440 1.4418 1.4441 1.4516 1.4630 1.4774 1.4954 1.5145 1.5330 1.5484 1.5593
0.4232 0.4595 0.5002 0.5581 0.6117 0.6758 0.7443 0.8157 0.8961 1.0006 1.0856 1.1708 1.2567 1.3384 1.4172 1.4948 1.5658 1.6299 1.6882 1.7352 1.7776 1.8054 1.8208 1.8109 1.7907 1.7600 1.7219 1.6832 1.6498 1.6240 1.6046 1.5894 1.5761 1.5628 1.5496 1.5364 1.5250 1.5161 1.5103 1.5067 1.5061 1.5091 1.5160 1.5276 1.5426 1.5587 1.5731 1.5849 1.5932 1.5969 1.5947 1.5883 1.5756 1.5591 1.5405 1.5214 1.5021 1.4848 1.4684 1.4554 1.4471 1.4431 1.4443 1.4496 1.4575 1.4685 1.4809 1.4937 1.5048 1.5148 1.5214
0.6911 0.7440 0.7995 0.8580 0.9323 1.0010 1.0691 1.1395 1.2149 1.2916 1.3645 1.4355 1.5020 1.5663 1.6272 1.6854 1.7301 1.7630 1.7915 1.8057 1.8111 1.8015 1.7864 1.7487 1.6967 1.6393 1.5819 1.5305 1.4877 1.4543 1.4288 1.4093 1.3933 1.3790 1.3658 1.3543 1.3449 1.3362 1.3318 1.3308 1.3296 1.3298 1.3332 1.3405 1.3543 1.3751 1.4010 1.4284 1.4545 1.4771 1.4933 1.5053 1.5122 1.5130 1.5090 1.5002 1.4902 1.4768 1.4655 1.4564 1.4498 1.4450 1.4449 1.4466 1.4506 1.4552 1.4608 1.4666 1.4728 1.4790 1.4833
1.0217 1.0738 1.1248 1.1761 1.2278 1.2803 1.3330 1.3900 1.4562 1.5245 1.5856 1.6368 1.6839 1.7247 1.7566 1.7899 1.8044 1.8051 1.8006 1.7764 1.7482 1.7113 1.6634 1.6029 1.5320 1.4587 1.3924 1.3364 1.2907 1.2564 1.2312 1.2119 1.1968 1.1829 1.1721 1.1622 1.1551 1.1495 1.1479 1.1479 1.1490 1.1527 1.1573 1.1621 1.1714 1.1874 1.2115 1.2432 1.2790 1.3167 1.3500 1.3783 1.4010 1.4182 1.4297 1.4368 1.4391 1.4399 1.4400 1.4382 1.4390 1.4374 1.4385 1.4388 1.4395 1.4398 1.4426 1.4463 1.4513 1.4570 1.4637
1.2982 1.3416 1.3836 1.4244 1.4645 1.5049 1.5445 1.5829 1.6387 1.7028 1.7499 1.7718 1.7932 1.8051 1.8065 1.8034 1.7838 1.7525 1.7205 1.6669 1.6073 1.5466 1.4788 1.4038 1.3272 1.2520 1.1840 1.1269 1.0793 1.0450 1.0217 1.0038 0.9924 0.9769 0.9699 0.9608 0.9563 0.9531 0.9522 0.9533 0.9587 0.9701 0.9828 0.9949 1.0073 1.0209 1.0406 1.0686 1.1052 1.1472 1.1885 1.2272 1.2617 1.2898 1.3129 1.3333 1.3476 1.3632 1.3726 1.3811 1.3914 1.3972 1.4079 1.4117 1.4137 1.4160 1.4204 1.4285 1.4393 1.4522 1.4687
1.5204 1.5553 1.5897 1.6186 1.6487 1.6756 1.7018 1.7249 1.7562 1.8042 1.8342 1.8357 1.8223 1.7978 1.7679 1.7342 1.6899 1.6329 1.5711 1.4922 1.4139 1.3372 1.2637 1.1841 1.1024 1.0259 0.9742 0.9391 0.9129 0.8920 0.8764 0.8598 0.8515 0.8365 0.8285 0.8235 0.8208 0.8197 0.8200 0.8222 0.8271 0.8347 0.8450 0.8576 0.8723 0.8862 0.9054 0.9294 0.9617 1.0010 1.0431 1.0825 1.1177 1.1492 1.1768 1.2022 1.2269 1.2447 1.2571 1.2710 1.2852 1.3043 1.3210 1.3355 1.3524 1.3712 1.3926 1.4200 1.4498 1.4795 1.5088
1.6891 1.7064 1.7273 1.7461 1.7682 1.7811 1.7948 1.8096 1.8197 1.8360 1.8339 1.8037 1.7602 1.7074 1.6508 1.5985 1.5367 1.4567 1.3768 1.2822 1.1986 1.1139 1.0299 0.9598 0.9145 0.8798 0.8515 0.8324 0.8180 0.8027 0.7920 0.7782 0.7737 0.7638 0.7573 0.7527 0.7491 0.7470 0.7447 0.7450 0.7470 0.7498 0.7538 0.7592 0.7671 0.7764 0.7912 0.8081 0.8325 0.8728 0.9166 0.9544 0.9874 1.0164 1.0435 1.0724 1.0981 1.1259 1.1499 1.1650 1.2067 1.2387 1.2770 1.3149 1.3529 1.3906 1.4324 1.4719 1.5127 1.5412 1.5582
1.7956 1.7622 1.7640 1.7545 1.7779 1.7777 1.8130 1.8241 1.7946 1.7847 1.7388 1.6732 1.6010 1.5234 1.4541 1.3954 1.3173 1.2145 1.1307 1.0341 0.9552 0.8961 0.8529 0.8254 0.8081 0.7930 0.7765 0.7605 0.7456 0.7362 0.7348 0.7224 0.7151 0.7068 0.7013 0.6934 0.6856 0.6854 0.6794 0.6760 0.6717 0.6711 0.6738 0.6773 0.6811 0.6851 0.6929 0.7061 0.7241 0.7463 0.7853 0.8206 0.8566 0.8904 0.9268 0.9600 1.0035 1.0364 1.0773 1.1386 1.1943 1.2648 1.3228 1.3753 1.3994 1.4226 1.4394 1.4598 1.4869 1.4943 1.4841
1.7927 1.7486 1.8378 1.5604 1.6539 1.6420 1.7600 1.6966 1.6155 1.5556 1.4646 1.3745 1.3027 1.2202 1.1473 1.1023 1.0282 0.9481 0.8869 0.8407 0.8107 0.7887 0.7617 0.7418 0.7357 0.7256 0.7087 0.6833 0.6595 0.6467 0.6434 0.6304 0.6181 0.6063 0.6004 0.5929 0.5863 0.5891 0.5821 0.5850 0.5815 0.5797 0.5810 0.5838 0.5871 0.5890 0.5959 0.6071 0.6270 0.6568 0.6987 0.7380 0.7783 0.8239 0.8627 0.9051 0.9505 0.9941 1.0451 1.0904 1.1760 1.2222 1.2334 1.2321 1.2345 1.1784 1.1887 1.1892 1.1974 1.1988 1.1572
1.3408 1.0485 0.6432 0.5412 0.0301 0.0383 0.1313 0.4504 0.7124 0.8706 0.9044 0.9207 0.9430 0.9013 0.8566 0.8348 0.8035 0.7761 0.7594 0.7391 0.7172 0.6982 0.6712 0.6423 0.6176 0.5878 0.5522 0.5203 0.4890 0.4780 0.4693 0.4583 0.4487 0.4428 0.4498 0.4464 0.4440 0.4456 0.4466 0.4556 0.4565 0.4608 0.4749 0.4987 0.5166 0.5369 0.5565 0.5758 0.5893 0.6155 0.6528 0.6960 0.7411 0.7814 0.8158 0.8355 0.8700 0.8755 0.8830 0.8376 0.7925 0.7033 0.6146 0.5053 0.3907 0.3436 0.3036 0.2730 0.2410 0.2357 0.2044
0.0000 0.0000 0.0000 0.0000 0.0000 0.0000 0.0000 0.0000 0.0000 0.0000 0.0000 0.0000 0.0000 0.0000 0.0000 0.0000 0.0000 0.0000 0.0000 0.0000 0.0000 0.0000 0.0000 0.0000 0.0000 0.0000 0.0000 0.0000 0.0000 0.0000 0.0000 0.0000 0.0000 0.0000 0.0000 0.0000 0.0000 0.0000 0.0000 0.0000 0.0000 0.0000 0.0000 0.0000 0.0000 0.0000 0.0000 0.0000 0.0000 0.0000 0.0000 0.0000 0.0000 0.0000 0.0000 0.0000 0.0000 0.0000 0.0000 0.0000 0.0000 0.0000 0.0000 0.0000 0.0000 0.0000 0.0000 0.0000 0.0000 0.0000 0.0000
