tool_adapters/Deltares_HABITAT/example_maps/Tenryuu_river/standard_maps/flow_velocity_ascending_max.asc
ncols          735
nrows          17
xllcorner     -64032,966414116
yllcorner     -127089,81923263
cellsize      12
NODATA_value  -9999
[rows 0 to 16 of 17, columns 426 to 496 of 735]
0.0000 0.0000 0.0000 0.0000 0.0000 0.0000 0.0000 0.0000 0.0000 0.0000 0.0000 0.0000 0.0000 0.0000 0.0000 0.0000 0.0000 0.0000 0.0000 0.0000 0.0000 0.0000 0.0000 0.0000 0.0000 0.0000 0.0000 0.0000 0.0000 0.0000 0.0000 0.0000 0.0000 0.0000 0.0000 0.0000 0.0000 0.0000 0.0000 0.0000 0.0000 0.0000 0.0000 0.0000 0.0000 0.0000 0.0000 0.0000 0.0000 0.0000 0.0000 0.0000 0.0000 0.0000 0.0000 0.0000 0.0000 0.0000 0.0000 0.0000 0.0000 0.0000 0.0000 0.0000 0.0000 0.0000 0.0000 0.0000 0.0000 0.0000 0.0000
0.0519 0.0667 0.0669 0.0815 0.0733 0.0716 0.0829 0.0827 0.0682 0.0658 0.0793 0.0816 0.0778 0.0902 0.0889 0.0832 0.0921 0.0913 0.0854 0.0925 0.0928 0.0864 0.0887 0.0904 0.0887 0.0895 0.0963 0.0966 0.0980 0.1028 0.0969 0.0941 0.0915 0.0900 0.0909 0.0929 0.0940 0.0969 0.1001 0.1034 0.1088 0.1123 0.1231 0.1267 0.1264 0.1151 0.1503 0.1423 0.1241 0.1109 0.1074 0.1059 0.1023 0.1083 0.1227 0.1182 0.1021 0.0962 0.0989 0.0963 0.0921 0.0879 0.0793 0.0781 0.0805 0.0833 0.0811 0.0772 0.0735 0.0661 0.0549
0.1497 0.1385 0.1297 0.1252 0.1152 0.1083 0.1054 0.1033 0.0962 0.0924 0.0917 0.0917 0.0924 0.0941 0.0938 0.0930 0.0935 0.0929 0.0940 0.0944 0.0942 0.0921 0.0922 0.0899 0.0918 0.0936 0.0980 0.1023 0.1024 0.1037 0.1035 0.0991 0.0974 0.0961 0.0959 0.0968 0.0978 0.0999 0.1024 0.1058 0.1103 0.1152 0.1220 0.1259 0.1276 0.1272 0.1334 0.1308 0.1248 0.1183 0.1140 0.1115 0.1099 0.1108 0.1129 0.1109 0.1056 0.1017 0.1000 0.0971 0.0930 0.0889 0.0846 0.0824 0.0820 0.0821 0.0805 0.0772 0.0731 0.0670 0.0584
0.1697 0.1665 0.1597 0.1551 0.1474 0.1409 0.1346 0.1281 0.1211 0.1157 0.1115 0.1086 0.1067 0.1049 0.1039 0.1032 0.1028 0.1023 0.1013 0.1018 0.0994 0.0981 0.0973 0.0931 0.0947 0.0984 0.1034 0.1086 0.1078 0.1096 0.1092 0.1069 0.1054 0.1041 0.1035 0.1032 0.1037 0.1054 0.1072 0.1100 0.1135 0.1168 0.1206 0.1241 0.1262 0.1276 0.1288 0.1271 0.1240 0.1207 0.1178 0.1154 0.1134 0.1121 0.1117 0.1100 0.1067 0.1035 0.1008 0.0978 0.0943 0.0908 0.0876 0.0853 0.0838 0.0825 0.0808 0.0781 0.0748 0.0699 0.0634
0.1795 0.1791 0.1767 0.1724 0.1672 0.1606 0.1553 0.1488 0.1423 0.1364 0.1313 0.1267 0.1232 0.1202 0.1179 0.1165 0.1156 0.1145 0.1139 0.1149 0.1068 0.1055 0.1015 0.0989 0.1015 0.1055 0.1098 0.1138 0.1154 0.1165 0.1162 0.1148 0.1138 0.1122 0.1118 0.1109 0.1109 0.1117 0.1124 0.1136 0.1155 0.1177 0.1205 0.1228 0.1245 0.1259 0.1265 0.1256 0.1240 0.1220 0.1198 0.1175 0.1153 0.1134 0.1116 0.1095 0.1069 0.1040 0.1012 0.0982 0.0951 0.0922 0.0895 0.0874 0.0857 0.0842 0.0825 0.0802 0.0778 0.0744 0.0701
0.1842 0.1812 0.1810 0.1800 0.1760 0.1711 0.1658 0.1623 0.1565 0.1512 0.1464 0.1416 0.1373 0.1337 0.1312 0.1294 0.1282 0.1277 0.1275 0.1280 0.1212 0.1109 0.1078 0.1078 0.1112 0.1152 0.1188 0.1216 0.1231 0.1240 0.1241 0.1230 0.1220 0.1203 0.1193 0.1181 0.1172 0.1167 0.1164 0.1167 0.1175 0.1191 0.1205 0.1218 0.1235 0.1245 0.1250 0.1248 0.1237 0.1220 0.1200 0.1178 0.1157 0.1135 0.1113 0.1089 0.1063 0.1035 0.1008 0.0981 0.0954 0.0929 0.0907 0.0889 0.0875 0.0863 0.0851 0.0837 0.0822 0.0804 0.0785
0.1786 0.1818 0.1812 0.1799 0.1780 0.1765 0.1726 0.1688 0.1658 0.1614 0.1564 0.1518 0.1478 0.1446 0.1421 0.1404 0.1391 0.1384 0.1390 0.1408 0.1377 0.1208 0.1151 0.1183 0.1218 0.1260 0.1289 0.1312 0.1324 0.1327 0.1322 0.1312 0.1294 0.1273 0.1254 0.1236 0.1220 0.1207 0.1196 0.1191 0.1196 0.1199 0.1199 0.1207 0.1221 0.1236 0.1239 0.1236 0.1224 0.1208 0.1185 0.1164 0.1145 0.1123 0.1099 0.1074 0.1047 0.1020 0.0994 0.0971 0.0948 0.0929 0.0913 0.0900 0.0890 0.0883 0.0880 0.0878 0.0876 0.0875 0.0881
0.1740 0.1736 0.1758 0.1781 0.1777 0.1755 0.1742 0.1741 0.1708 0.1677 0.1634 0.1601 0.1559 0.1516 0.1501 0.1495 0.1478 0.1465 0.1464 0.1478 0.1495 0.1374 0.1262 0.1291 0.1324 0.1361 0.1389 0.1412 0.1424 0.1423 0.1405 0.1382 0.1355 0.1326 0.1301 0.1273 0.1251 0.1231 0.1218 0.1212 0.1198 0.1199 0.1195 0.1200 0.1208 0.1215 0.1216 0.1209 0.1193 0.1182 0.1164 0.1143 0.1119 0.1095 0.1070 0.1044 0.1018 0.0993 0.0970 0.0950 0.0933 0.0919 0.0909 0.0903 0.0899 0.0900 0.0905 0.0918 0.0931 0.0949 0.0976
0.1683 0.1685 0.1694 0.1698 0.1721 0.1745 0.1743 0.1736 0.1726 0.1710 0.1683 0.1660 0.1626 0.1589 0.1553 0.1574 0.1534 0.1528 0.1515 0.1525 0.1543 0.1461 0.1417 0.1399 0.1429 0.1464 0.1486 0.1509 0.1516 0.1503 0.1474 0.1440 0.1401 0.1361 0.1323 0.1291 0.1267 0.1243 0.1225 0.1216 0.1184 0.1193 0.1185 0.1188 0.1188 0.1185 0.1179 0.1170 0.1159 0.1140 0.1122 0.1100 0.1077 0.1051 0.1026 0.1000 0.0975 0.0952 0.0933 0.0917 0.0905 0.0897 0.0894 0.0896 0.0900 0.0910 0.0926 0.0951 0.0975 0.1012 0.1065
0.1606 0.1614 0.1627 0.1644 0.1666 0.1683 0.1691 0.1711 0.1726 0.1723 0.1710 0.1699 0.1678 0.1650 0.1626 0.1634 0.1595 0.1563 0.1548 0.1557 0.1570 0.1555 0.1501 0.1499 0.1518 0.1544 0.1572 0.1590 0.1588 0.1563 0.1522 0.1474 0.1425 0.1375 0.1331 0.1293 0.1259 0.1229 0.1205 0.1192 0.1174 0.1168 0.1168 0.1165 0.1158 0.1147 0.1134 0.1118 0.1100 0.1084 0.1062 0.1039 0.1014 0.0990 0.0965 0.0941 0.0918 0.0898 0.0882 0.0871 0.0864 0.0863 0.0867 0.0876 0.0889 0.0909 0.0936 0.0974 0.1012 0.1063 0.1131
0.1517 0.1532 0.1552 0.1576 0.1601 0.1627 0.1650 0.1673 0.1693 0.1705 0.1710 0.1715 0.1711 0.1708 0.1701 0.1700 0.1637 0.1592 0.1563 0.1582 0.1586 0.1587 0.1570 0.1570 0.1584 0.1606 0.1631 0.1648 0.1638 0.1598 0.1542 0.1478 0.1422 0.1370 0.1320 0.1274 0.1232 0.1197 0.1170 0.1153 0.1145 0.1140 0.1135 0.1128 0.1113 0.1092 0.1069 0.1046 0.1025 0.1002 0.0981 0.0958 0.0935 0.0911 0.0887 0.0865 0.0846 0.0832 0.0821 0.0815 0.0813 0.0817 0.0828 0.0845 0.0868 0.0896 0.0932 0.0981 0.1031 0.1096 0.1175
0.1421 0.1443 0.1472 0.1502 0.1532 0.1567 0.1599 0.1625 0.1659 0.1681 0.1698 0.1722 0.1735 0.1742 0.1745 0.1744 0.1673 0.1622 0.1617 0.1617 0.1615 0.1611 0.1608 0.1614 0.1626 0.1643 0.1668 0.1685 0.1663 0.1601 0.1530 0.1455 0.1389 0.1338 0.1287 0.1236 0.1189 0.1151 0.1126 0.1110 0.1104 0.1096 0.1091 0.1074 0.1042 0.1007 0.0976 0.0950 0.0927 0.0904 0.0882 0.0859 0.0837 0.0815 0.0793 0.0775 0.0761 0.0753 0.0748 0.0747 0.0750 0.0758 0.0774 0.0800 0.0830 0.0864 0.0907 0.0961 0.1021 0.1093 0.1172
0.1319 0.1349 0.1386 0.1423 0.1460 0.1505 0.1541 0.1575 0.1622 0.1655 0.1687 0.1723 0.1750 0.1768 0.1773 0.1749 0.1718 0.1682 0.1658 0.1642 0.1630 0.1628 0.1629 0.1635 0.1643 0.1652 0.1681 0.1699 0.1645 0.1567 0.1480 0.1396 0.1326 0.1289 0.1240 0.1185 0.1135 0.1095 0.1080 0.1058 0.1048 0.1035 0.1025 0.0992 0.0939 0.0888 0.0852 0.0828 0.0810 0.0787 0.0771 0.0757 0.0739 0.0723 0.0706 0.0694 0.0688 0.0686 0.0685 0.0685 0.0687 0.0692 0.0710 0.0741 0.0774 0.0814 0.0862 0.0915 0.0977 0.1048 0.1123
0.1189 0.1240 0.1281 0.1332 0.1380 0.1439 0.1485 0.1518 0.1590 0.1629 0.1669 0.1721 0.1766 0.1800 0.1799 0.1789 0.1765 0.1726 0.1680 0.1642 0.1629 0.1628 0.1626 0.1634 0.1644 0.1629 0.1663 0.1703 0.1566 0.1499 0.1391 0.1303 0.1216 0.1255 0.1193 0.1127 0.1078 0.1014 0.1066 0.0998 0.0940 0.0918 0.0931 0.0853 0.0793 0.0724 0.0691 0.0695 0.0712 0.0694 0.0678 0.0665 0.0637 0.0632 0.0612 0.0609 0.0612 0.0616 0.0624 0.0627 0.0618 0.0609 0.0627 0.0660 0.0709 0.0752 0.0790 0.0842 0.0920 0.0976 0.1035
0.1072 0.1134 0.1178 0.1257 0.1310 0.1370 0.1439 0.1453 0.1559 0.1612 0.1639 0.1728 0.1787 0.1833 0.1865 0.1812 0.1767 0.1725 0.1656 0.1608 0.1592 0.1598 0.1583 0.1615 0.1651 0.1580 0.1555 0.1752 0.1490 0.1445 0.1342 0.1163 0.0899 0.1306 0.1199 0.1128 0.1103 0.0732 0.1046 0.0933 0.0810 0.0808 0.0757 0.0683 0.0634 0.0588 0.0573 0.0561 0.0567 0.0555 0.0553 0.0542 0.0524 0.0518 0.0489 0.0482 0.0505 0.0530 0.0556 0.0559 0.0527 0.0480 0.0491 0.0536 0.0605 0.0690 0.0753 0.0724 0.0820 0.0827 0.0957
0.1009 0.1070 0.1100 0.1222 0.1271 0.1324 0.1388 0.1435 0.1525 0.1572 0.1642 0.1733 0.1785 0.1832 0.1898 0.1782 0.1771 0.1752 0.1594 0.1571 0.1523 0.1538 0.1437 0.1542 0.1550 0.1369 0.1002 0.0948 0.0000 0.0000 0.0000 0.0000 0.0000 0.0000 0.0000 0.0000 0.0000 0.0000 0.0000 0.0000 0.0000 0.0000 0.0210 0.0351 0.0371 0.0389 0.0423 0.0413 0.0450 0.0444 0.0420 0.0436 0.0430 0.0415 0.0379 0.0381 0.0416 0.0458 0.0439 0.0451 0.0357 0.0331 0.0317 0.0316 0.0258 0.0220 0.0000 0.0000 0.0000 0.0000 0.0000
0.0000 0.0000 0.0000 0.0000 0.0000 0.0000 0.0000 0.0000 0.0000 0.0000 0.0000 0.0000 0.0000 0.0000 0.0000 0.0000 0.0000 0.0000 0.0000 0.0000 0.0000 0.0000 0.0000 0.0000 0.0000 0.0000 0.0000 0.0000 0.0000 0.0000 0.0000 0.0000 0.0000 0.0000 0.0000 0.0000 0.0000 0.0000 0.0000 0.0000 0.0000 0.0000 0.0000 0.0000 0.0000 0.0000 0.0000 0.0000 0.0000 0.0000 0.0000 0.0000 0.0000 0.0000 0.0000 0.0000 0.0000 0.0000 0.0000 0.0000 0.0000 0.0000 0.0000 0.0000 0.0000 0.0000 0.0000 0.0000 0.0000 0.0000 0.0000
