tool_adapters/Deltares_HABITAT/example_maps/Tenryuu_river/standard_maps/flow_velocity_feeding_mean.asc
ncols          735
nrows          17
xllcorner      -61262.8867
yllcorner      -118292.6406
cellsize       25
[rows 0 to 16 of 17, columns 497 to 567 of 735]
0.0000 0.0000 0.0000 0.0000 0.0000 0.0000 0.0000 0.0000 0.0000 0.0000 0.0000 0.0000 0.0000 0.0000 0.0000 0.0000 0.0000 0.0000 0.0000 0.0000 0.0000 0.0000 0.0000 0.0000 0.0000 0.0000 0.0000 0.0000 0.0000 0.0000 0.0000 0.0000 0.0000 0.0000 0.0000 0.0000 0.0000 0.0000 0.0000 0.0000 0.0000 0.0000 0.0000 0.0000 0.0000 0.0000 0.0000 0.0000 0.0000 0.0000 0.0000 0.0000 0.0000 0.0000 0.0000 0.0000 0.0000 0.0000 0.0000 0.0000 0.0000 0.0000 0.0000 0.0000 0.0000 0.0000 0.0000 0.0000 0.0000 0.0000 0.0000
0.2921 0.2666 0.3000 0.2552 0.2600 0.0617 0.0315 0.0119 0.0000 0.0000 0.0000 0.0000 0.0000 0.0022 0.0034 0.0028 0.0033 0.0020 0.0000 0.0000 0.0000 0.0000 0.0000 0.0000 0.0000 0.0000 0.0000 0.0000 0.0000 0.0000 0.0000 0.0000 0.0000 0.0000 0.0000 0.0000 0.0000 0.0000 0.0000 0.0000 0.0000 0.0000 0.0000 0.0000 0.0000 0.0000 0.0000 0.0000 0.0000 0.0000 0.0000 0.0000 0.0000 0.0000 0.0000 0.0000 0.0000 0.0000 0.0000 0.0000 0.0000 0.0000 0.0000 0.0000 0.0000 0.0000 0.0000 0.0000 0.0000 0.0000 0.0000
0.6345 0.5885 0.5638 0.4954 0.5169 0.6036 0.4961 0.2528 0.0000 0.0000 0.0000 0.2373 0.2710 0.3589 0.4459 0.4850 0.4914 0.4940 0.5065 0.5523 0.5747 0.5725 0.6021 0.5668 0.5265 0.4737 0.4487 0.4368 0.4424 0.4221 0.3956 0.3676 0.3626 0.3440 0.3280 0.3003 0.3068 0.2897 0.2685 0.2666 0.2435 0.2305 0.1744 0.1728 0.1713 0.1188 0.1049 0.1145 0.1378 0.1660 0.1171 0.0000 0.0000 0.0000 0.0000 0.0000 0.0000 0.0000 0.0000 0.0000 0.0000 0.0000 0.0000 0.0000 0.0000 0.0000 0.0000 0.0000 0.0000 0.0000 0.0000
0.8266 0.8049 0.7918 0.7861 0.7951 0.8228 0.8310 0.9640 1.1107 1.1734 1.1537 1.1351 1.1219 1.1216 1.1322 1.1464 1.1620 1.1743 1.1847 1.1933 1.2027 1.2135 1.2132 1.2066 1.2008 1.1873 1.1990 1.1800 1.1644 1.1754 1.1515 1.1589 1.1503 1.1259 1.0784 1.0506 1.0906 1.0625 0.9942 0.9525 0.9589 0.9098 0.8738 0.9170 0.9257 0.8543 0.8197 0.8260 0.8017 0.4965 0.4561 0.5800 0.6291 0.4222 0.3647 0.3472 0.3257 0.3971 0.2876 0.2993 0.2095 0.1922 0.2357 0.3137 0.3770 0.4488 0.5221 0.5537 0.5835 0.5944 0.6674
0.9122 0.8974 0.8928 0.9011 0.9148 0.9284 0.9557 1.1149 1.2039 1.2138 1.0494 1.0715 1.1351 1.1840 1.2366 1.2962 1.3511 1.3841 1.4012 1.4186 1.4301 1.4377 1.4416 1.4440 1.4461 1.4503 1.4559 1.4612 1.4653 1.4634 1.4625 1.4633 1.4640 1.4654 1.4521 1.4410 1.4433 1.4381 1.4245 1.4070 1.3882 1.3790 1.3801 1.3837 1.3809 1.3755 1.4562 1.4647 1.4338 1.3901 1.4014 1.5118 1.5717 1.3241 1.3231 1.3748 1.4650 1.5049 1.5297 1.5708 1.5832 1.5719 1.6312 1.6889 1.7157 1.7055 1.8816 1.9018 1.9242 1.7065 1.6334
0.9457 0.9331 0.9255 0.9126 0.9283 0.9676 1.0110 1.0941 1.2341 1.1894 1.1606 1.2413 1.2901 1.3579 1.4080 1.4606 1.4994 1.5019 1.4879 1.4820 1.4833 1.4863 1.4884 1.4894 1.4929 1.4961 1.4998 1.5016 1.5058 1.5195 1.5272 1.5227 1.5353 1.5434 1.5443 1.5510 1.5489 1.5440 1.5364 1.5451 1.5525 1.5592 1.5696 1.5809 1.5932 1.6067 1.6229 1.6314 1.6463 1.6572 1.6698 1.6915 1.7097 1.7215 1.7332 1.7524 1.7706 1.7604 1.7883 1.8203 1.8507 1.8665 1.8986 1.9248 1.9490 1.9782 2.0145 2.0414 2.1136 2.1146 2.0959
0.9587 0.9509 0.9427 0.9402 0.9211 0.8279 0.6871 0.5804 0.4863 0.0000 0.0000 0.5009 0.7158 0.9082 1.0330 1.1256 1.1916 1.2281 1.2358 1.2444 1.2562 1.2715 1.2894 1.3099 1.3305 1.3504 1.3664 1.3827 1.4019 1.4255 1.4382 1.4518 1.4347 1.4253 1.4546 1.5032 1.5143 1.5268 1.5324 1.5385 1.5324 1.5349 1.5418 1.5513 1.5645 1.5786 1.5967 1.6129 1.6257 1.6434 1.6483 1.6672 1.6823 1.6803 1.6903 1.7074 1.7140 1.7405 1.7573 1.7696 1.7523 1.7917 1.8162 1.8444 1.8738 1.8967 1.9235 1.9362 1.9306 1.9444 1.9777
0.9705 0.9953 1.0153 1.0559 1.0870 1.1064 1.1458 1.2618 1.3822 1.3931 2.0070 1.6351 1.5824 1.5519 1.5116 1.4771 1.4280 1.4114 1.4016 1.3979 1.3969 1.3934 1.3850 1.3785 1.3760 1.3780 1.3787 1.3799 1.3813 1.3856 1.4021 1.4173 1.4237 1.4115 1.4193 1.4244 1.4381 1.4537 1.4655 1.4790 1.4931 1.5072 1.5182 1.5256 1.5361 1.5651 1.5854 1.5885 1.6012 1.6083 1.6336 1.6474 1.6471 1.6591 1.6668 1.6729 1.6898 1.7039 1.7202 1.7339 1.7619 1.7811 1.7985 1.8126 1.8262 1.8411 1.8533 1.8729 1.8835 1.8871 1.8810
0.9415 0.9662 0.9937 1.0412 1.0893 1.1433 1.2263 1.3839 1.4685 1.4648 1.9106 1.6314 1.6425 1.6458 1.6251 1.6005 1.5902 1.5799 1.5429 1.5091 1.4924 1.4806 1.4710 1.4633 1.4531 1.4411 1.4297 1.4199 1.4122 1.4032 1.4001 1.3968 1.3958 1.3947 1.4123 1.4253 1.4441 1.4591 1.4869 1.5127 1.5385 1.5476 1.5547 1.5757 1.5937 1.6020 1.6027 1.6159 1.6305 1.6525 1.6663 1.6772 1.6906 1.7004 1.7120 1.7204 1.7289 1.7350 1.7409 1.7468 1.7554 1.7634 1.7696 1.7744 1.7757 1.7704 1.7628 1.7516 1.7414 1.7171 1.7033
0.8949 0.9174 0.9349 0.9654 1.0195 1.0757 1.1277 1.2464 1.4284 1.4256 2.0125 1.7690 1.7394 1.7377 1.7322 1.7301 1.7290 1.6978 1.6634 1.6303 1.5964 1.5685 1.5514 1.5356 1.5223 1.5086 1.4973 1.4916 1.4804 1.4727 1.4718 1.4693 1.4701 1.4751 1.4851 1.4975 1.5105 1.5127 1.5228 1.5474 1.5813 1.6095 1.6256 1.6397 1.6517 1.6618 1.6674 1.6740 1.6814 1.6900 1.6987 1.6966 1.7008 1.6975 1.6823 1.6756 1.6634 1.6577 1.6507 1.6427 1.6322 1.6222 1.6114 1.5987 1.5840 1.5617 1.5462 1.5389 1.5175 1.4580 1.4268
0.8624 0.8806 0.9351 0.9183 0.8077 0.6794 0.6314 0.5296 0.4262 0.0000 0.0000 0.3842 0.6658 0.8986 1.0850 1.2147 1.3484 1.4133 1.4382 1.4385 1.4259 1.4127 1.4114 1.4138 1.4194 1.4323 1.4503 1.4611 1.4696 1.4883 1.5075 1.5146 1.5333 1.5541 1.5425 1.5542 1.5835 1.6040 1.6115 1.6191 1.6271 1.6293 1.6256 1.6192 1.6068 1.5926 1.5773 1.5593 1.5455 1.5296 1.5169 1.5054 1.4885 1.4721 1.4531 1.4353 1.4200 1.4038 1.3886 1.3807 1.3594 1.3260 1.3005 1.2851 1.2745 1.2406 1.2153 1.2046 1.1903 1.1845 1.1411
0.8529 0.9297 0.9756 0.9987 0.9932 0.9677 0.9395 1.0115 1.0107 0.9407 1.0050 0.8238 0.8623 0.9716 1.1497 1.2591 1.3093 1.3282 1.3290 1.3183 1.3058 1.3124 1.3358 1.3604 1.3939 1.4328 1.4795 1.5315 1.5598 1.5723 1.5769 1.5805 1.5882 1.5995 1.5965 1.5740 1.5442 1.5167 1.4865 1.4563 1.4329 1.4058 1.3710 1.3387 1.3065 1.2780 1.2556 1.2336 1.2104 1.1906 1.1700 1.1565 1.1457 1.1387 1.1305 1.1135 1.0966 1.0819 1.0722 1.0809 1.0757 1.0545 1.0273 1.0024 1.0002 0.9656 0.9496 0.9151 0.8772 0.8508 0.8326
0.7061 0.7750 0.7675 0.8056 0.8533 0.9073 0.9486 1.0501 1.0532 0.9862 1.2963 1.3760 1.4523 1.3842 1.3291 1.2774 1.2282 1.2184 1.2096 1.2171 1.2348 1.2767 1.3358 1.4097 1.4774 1.5370 1.5666 1.5687 1.5448 1.5057 1.4503 1.4000 1.3649 1.3081 1.2719 1.2453 1.2089 1.1711 1.1335 1.1018 1.1060 1.1084 1.0898 1.0746 1.0629 1.0513 1.0378 1.0346 1.0422 1.0397 0.9677 0.9388 0.9224 0.9264 0.9458 0.9532 0.9436 0.9314 0.9180 0.8830 0.8763 0.8449 0.8168 0.7807 0.7561 0.7444 0.7369 0.7321 0.7319 0.7278 0.7057
0.4866 0.4946 0.5229 0.5385 0.5648 0.5995 0.6508 0.7348 0.7698 0.7831 2.5540 2.8847 2.2675 1.3479 1.0556 1.0770 1.2792 1.2619 1.2407 1.2688 1.3116 1.3775 1.4603 1.5026 1.5193 1.4730 1.3543 1.1878 1.1159 1.0626 1.0351 1.0271 1.0405 1.0487 1.0210 0.9796 0.9931 0.9690 0.9484 0.9443 0.9303 0.8966 0.9034 0.8957 0.9003 0.8790 0.8616 0.8371 0.8523 0.8916 0.8609 0.8202 0.7510 0.7214 0.6979 0.7000 0.6785 0.6527 0.6330 0.6111 0.6015 0.5856 0.5638 0.5472 0.5235 0.4961 0.4635 0.4296 0.4005 0.3981 0.3526
0.0663 0.0572 0.0522 0.0406 0.0238 0.0175 0.0093 0.0001 0.0000 0.0000 0.0000 0.0000 0.0000 0.0002 0.0006 0.3578 0.6123 0.6719 0.6017 0.6796 0.6857 0.6598 0.6076 0.5651 0.5090 0.4324 0.3813 0.3767 0.3726 0.3727 0.3765 0.3649 0.3712 0.3668 0.3535 0.3406 0.3366 0.3295 0.3180 0.3058 0.2901 0.3048 0.3314 0.3266 0.2969 0.2778 0.3155 0.3579 0.3069 0.2607 0.1584 0.1789 0.2064 0.2282 0.2414 0.2513 0.2614 0.3087 0.3163 0.3145 0.3225 0.3181 0.3139 0.3152 0.3209 0.3000 0.2325 0.1899 0.1763 0.2226 0.2006
0.0000 0.0000 0.0000 0.0000 0.0000 0.0000 0.0000 0.0000 0.0000 0.0000 0.0000 0.0000 0.0000 0.0000 0.0000 0.0000 0.0000 0.0000 0.0000 0.0000 0.0000 0.0000 0.0000 0.0000 0.0000 0.0000 0.0000 0.0000 0.0000 0.0000 0.0000 0.0002 0.0001 0.0000 0.0000 0.0000 0.0000 0.0000 0.0000 0.0000 0.0000 0.0000 0.0000 0.0000 0.0000 0.0000 0.0000 0.0000 0.0000 0.0101 0.0177 0.0179 0.0163 0.0129 0.0130 0.0142 0.0128 0.0401 0.0441 0.0315 0.0444 0.0472 0.0350 0.0366 0.0364 0.0122 0.0114 0.0119 0.0182 0.0285 0.0267
0.0000 0.0000 0.0000 0.0000 0.0000 0.0000 0.0000 0.0000 0.0000 0.0000 0.0000 0.0000 0.0000 0.0000 0.0000 0.0000 0.0000 0.0000 0.0000 0.0000 0.0000 0.0000 0.0000 0.0000 0.0000 0.0000 0.0000 0.0000 0.0000 0.0000 0.0000 0.0000 0.0000 0.0000 0.0000 0.0000 0.0000 0.0000 0.0000 0.0000 0.0000 0.0000 0.0000 0.0000 0.0000 0.0000 0.0000 0.0000 0.0000 0.0000 0.0000 0.0000 0.0000 0.0000 0.0000 0.0000 0.0000 0.0000 0.0000 0.0000 0.0000 0.0000 0.0000 0.0000 0.0000 0.0000 0.0000 0.0000 0.0000 0.0000 0.0000
