tool_adapters/Deltares_HABITAT/example_maps/Tenryuu_river/standard_maps/flow_velocity_egg_max.asc
ncols          735
nrows          17
xllcorner     -64032,966414116
yllcorner     -127089,81923263
cellsize      12
NODATA_value  -9999
[rows 0 to 16 of 17, columns 142 to 212 of 735]
0.0000 0.0000 0.0000 0.0000 0.0000 0.0000 0.0000 0.0000 0.0000 0.0000 0.0000 0.0000 0.0000 0.0000 0.0000 0.0000 0.0000 0.0000 0.0000 0.0000 0.0000 0.0000 0.0000 0.0000 0.0000 0.0000 0.0000 0.0000 0.0000 0.0000 0.0000 0.0000 0.0000 0.0000 0.0000 0.0000 0.0000 0.0000 0.0000 0.0000 0.0000 0.0000 0.0000 0.0000 0.0000 0.0000 0.0000 0.0000 0.0000 0.0000 0.0000 0.0000 0.0000 0.0000 0.0000 0.0000 0.0000 0.0000 0.0000 0.0000 0.0000 0.0000 0.0000 0.0000 0.0000 0.0000 0.0000 0.0000 0.0000 0.0000 0.0000
0.0000 0.0000 0.0000 0.0000 0.0000 0.0000 0.0000 0.0038 0.0058 0.0068 0.0091 0.0136 0.0174 0.0091 0.0082 0.0000 0.0187 0.0155 0.0179 0.0349 0.0588 0.0956 0.1298 0.2362 0.2946 0.2556 0.3611 0.3236 0.3097 0.2142 0.1541 0.0000 0.0003 0.0000 0.0004 0.0000 0.0000 0.2782 0.2900 0.3872 0.4733 0.4965 0.5026 0.4705 0.6038 0.5846 0.5235 0.4091 0.5196 0.5330 0.5108 0.5046 0.5422 0.5405 0.5006 0.4991 0.4900 0.4759 0.4612 0.4454 0.4381 0.4371 0.4375 0.4261 0.4135 0.4149 0.4084 0.4161 0.4084 0.5298 0.3909
0.0000 0.0133 0.0057 0.0082 0.0089 0.0091 0.0085 0.0084 0.0079 0.0093 0.0134 0.0189 0.0230 0.0246 0.0272 0.0264 0.0227 0.0152 0.0530 0.1394 0.1794 0.2135 0.2472 0.3040 0.3585 0.3899 0.4526 0.4567 0.4744 0.4832 0.5643 0.5792 0.6414 0.6710 0.6623 0.6727 0.6758 0.6627 0.6077 0.5846 0.5963 0.5949 0.5927 0.5847 0.6064 0.6206 0.5974 0.5492 0.5555 0.5603 0.5496 0.5390 0.5353 0.5406 0.5202 0.5028 0.4871 0.4718 0.4571 0.4423 0.4289 0.4192 0.4090 0.3960 0.3925 0.3948 0.3943 0.4132 0.4542 0.5165 0.5063
0.0055 0.0064 0.0068 0.0078 0.0076 0.0081 0.0079 0.0084 0.0091 0.0104 0.0130 0.0165 0.0212 0.0228 0.0234 0.0204 0.0183 0.0242 0.1179 0.2063 0.2493 0.3018 0.3574 0.4166 0.4664 0.4980 0.5425 0.5508 0.5658 0.5887 0.6280 0.6416 0.6625 0.6763 0.6751 0.6884 0.6992 0.6989 0.6888 0.6768 0.6700 0.6624 0.6545 0.6447 0.6446 0.6399 0.6316 0.6110 0.5986 0.5897 0.5789 0.5657 0.5574 0.5476 0.5341 0.5192 0.5023 0.4866 0.4700 0.4560 0.4421 0.4318 0.4211 0.4118 0.4056 0.4009 0.4027 0.4165 0.4407 0.4727 0.4935
0.0000 0.0000 0.0000 0.0000 0.0000 0.0000 0.0000 0.0000 0.0000 0.0000 0.0000 0.0000 0.0000 0.0000 0.0000 0.0000 0.0000 0.0000 0.1219 0.2727 0.3791 0.4510 0.5364 0.6136 0.6718 0.6960 0.7143 0.7083 0.6922 0.6896 0.6966 0.6972 0.6936 0.6858 0.6793 0.6800 0.6800 0.6759 0.6800 0.6778 0.6749 0.6686 0.6620 0.6557 0.6507 0.6486 0.6408 0.6306 0.6207 0.6117 0.6020 0.5923 0.5817 0.5723 0.5609 0.5478 0.5338 0.5187 0.5045 0.4889 0.4770 0.4648 0.4540 0.4460 0.4407 0.4377 0.4393 0.4446 0.4523 0.4653 0.4768
0.0000 0.0000 0.0000 0.0000 0.0000 0.0000 0.0000 0.0000 0.0000 0.0000 0.0000 0.0000 0.0000 0.0000 0.0000 0.0757 0.2728 0.3618 0.4469 0.5421 0.6203 0.6855 0.7601 0.8287 0.8769 0.8887 0.8790 0.8472 0.7974 0.7480 0.7267 0.7062 0.6857 0.6670 0.6492 0.6394 0.6336 0.6297 0.6281 0.6273 0.6274 0.6224 0.6227 0.6241 0.6244 0.6235 0.6222 0.6179 0.6134 0.6088 0.6046 0.5987 0.5928 0.5857 0.5778 0.5691 0.5593 0.5492 0.5371 0.5279 0.5164 0.5061 0.4977 0.4895 0.4821 0.4748 0.4737 0.4734 0.4751 0.4779 0.4813
0.0000 0.0000 0.0000 0.0000 0.0000 0.0000 0.0000 0.0000 0.0000 0.0000 0.0000 0.0083 0.2726 0.3530 0.4248 0.5146 0.5879 0.6524 0.7030 0.7725 0.8475 0.9108 0.9730 1.0168 1.0373 1.0099 0.9577 0.8852 0.8044 0.7181 0.6830 0.6495 0.6238 0.6057 0.5869 0.5735 0.5662 0.5602 0.5572 0.5550 0.5538 0.5536 0.5545 0.5575 0.5619 0.5664 0.5696 0.5721 0.5752 0.5790 0.5790 0.5790 0.5774 0.5750 0.5713 0.5669 0.5625 0.5565 0.5531 0.5442 0.5377 0.5302 0.5225 0.5150 0.5077 0.5016 0.4971 0.4916 0.4880 0.4836 0.4796
0.0000 0.0000 0.0000 0.0000 0.0000 0.0000 0.0000 0.2156 0.3005 0.3715 0.4332 0.5371 0.5845 0.6390 0.6885 0.7508 0.8232 0.8840 0.9405 0.9989 1.0549 1.0978 1.1279 1.1211 1.0980 1.0146 0.9189 0.8263 0.7296 0.6352 0.5915 0.5573 0.5347 0.5185 0.5063 0.4950 0.4880 0.4826 0.4778 0.4751 0.4731 0.4728 0.4739 0.4763 0.4806 0.4866 0.4933 0.5007 0.5099 0.5188 0.5240 0.5298 0.5335 0.5368 0.5380 0.5399 0.5401 0.5407 0.5350 0.5355 0.5297 0.5254 0.5209 0.5158 0.5112 0.5062 0.4993 0.4949 0.4886 0.4808 0.4719
0.1242 0.2108 0.2908 0.3492 0.4074 0.4685 0.5575 0.5855 0.6398 0.6895 0.7307 0.7950 0.8481 0.8975 0.9435 0.9906 1.0388 1.0836 1.1226 1.1585 1.1779 1.1747 1.1506 1.0874 1.0177 0.9179 0.8109 0.7145 0.6176 0.5344 0.4835 0.4545 0.4362 0.4262 0.4178 0.4103 0.4035 0.3983 0.3930 0.3893 0.3867 0.3849 0.3857 0.3876 0.3911 0.3962 0.4036 0.4122 0.4242 0.4354 0.4465 0.4564 0.4657 0.4740 0.4790 0.4850 0.4926 0.4969 0.4952 0.4996 0.4993 0.4971 0.4957 0.4935 0.4926 0.4906 0.4871 0.4867 0.4834 0.4761 0.4681
0.6113 0.6254 0.6701 0.7185 0.7604 0.8088 0.8606 0.9004 0.9379 0.9715 0.9973 1.0237 1.0466 1.0704 1.0939 1.1196 1.1459 1.1730 1.1865 1.1874 1.1529 1.1003 1.0296 0.9506 0.8736 0.7741 0.6748 0.5871 0.5035 0.4325 0.3822 0.3570 0.3424 0.3319 0.3250 0.3179 0.3113 0.3046 0.2996 0.2948 0.2928 0.2918 0.2907 0.2926 0.2961 0.3006 0.3068 0.3153 0.3254 0.3375 0.3500 0.3643 0.3774 0.3897 0.4023 0.4132 0.4239 0.4290 0.4397 0.4432 0.4475 0.4522 0.4559 0.4578 0.4573 0.4577 0.4596 0.4616 0.4611 0.4642 0.4613
0.9602 0.9959 1.0324 1.0579 1.0765 1.0896 1.1011 1.1095 1.1170 1.1205 1.1206 1.1182 1.1139 1.1148 1.1192 1.1299 1.1408 1.1435 1.1258 1.0759 1.0046 0.9307 0.8537 0.7817 0.7084 0.6165 0.5398 0.4639 0.3961 0.3383 0.2893 0.2621 0.2471 0.2335 0.2254 0.2184 0.2110 0.2043 0.1992 0.1951 0.1943 0.1923 0.1938 0.1951 0.1975 0.2025 0.2074 0.2130 0.2202 0.2298 0.2412 0.2539 0.2702 0.2898 0.3113 0.3331 0.3450 0.3593 0.3678 0.3768 0.3831 0.3918 0.4028 0.4081 0.4107 0.4112 0.4122 0.4149 0.4185 0.4230 0.4249
1.2185 1.2174 1.2198 1.2117 1.2022 1.1908 1.1732 1.1561 1.1399 1.1220 1.1032 1.0835 1.0691 1.0625 1.0601 1.0650 1.0554 1.0287 0.9627 0.8761 0.7893 0.7326 0.6393 0.6059 0.5424 0.4643 0.4076 0.3480 0.2960 0.2418 0.1933 0.1591 0.1426 0.1366 0.1295 0.1243 0.1180 0.1141 0.1109 0.1091 0.1077 0.1085 0.1085 0.1107 0.1104 0.1131 0.1153 0.1172 0.1209 0.1259 0.1324 0.1426 0.1690 0.1948 0.2186 0.2372 0.2522 0.2651 0.2718 0.2719 0.2802 0.2893 0.3001 0.3139 0.3256 0.3378 0.3473 0.3557 0.3663 0.3786 0.3893
1.2648 1.2289 1.1988 1.1724 1.1505 1.1318 1.1155 1.0971 1.0701 1.0465 1.0184 0.9909 0.9770 0.9734 0.9552 0.9659 0.9033 0.8439 0.7241 0.6320 0.5455 0.5287 0.4479 0.4232 0.3864 0.3356 0.2862 0.2302 0.1823 0.1431 0.1061 0.0767 0.0525 0.0343 0.0256 0.0217 0.0205 0.0197 0.0201 0.0196 0.0269 0.0174 0.0168 0.0161 0.0129 0.0126 0.0138 0.0164 0.0253 0.0385 0.0510 0.0627 0.0743 0.0966 0.1204 0.1408 0.1599 0.1818 0.1955 0.1973 0.2160 0.2241 0.2434 0.2587 0.2815 0.2983 0.3149 0.3288 0.3438 0.3552 0.3680
1.0795 1.0165 0.9849 0.9768 0.9879 0.9929 0.9983 0.9974 0.9743 0.9507 0.9110 0.8736 0.8588 0.8661 0.8132 0.7774 0.6116 0.5479 0.4555 0.3672 0.3051 0.3263 0.2800 0.2494 0.2063 0.1210 0.0501 0.0000 0.0000 0.0000 0.0000 0.0000 0.0000 0.0000 0.0000 0.0000 0.0000 0.0000 0.0000 0.0000 0.0000 0.0000 0.0000 0.0000 0.0000 0.0000 0.0000 0.0000 0.0000 0.0245 0.0265 0.0248 0.0283 0.0352 0.0471 0.0686 0.1020 0.1258 0.1377 0.1576 0.1696 0.2039 0.2289 0.2533 0.2587 0.2736 0.2867 0.2976 0.3184 0.3280 0.3367
0.6722 0.6335 0.6395 0.6167 0.7006 0.7639 0.8635 0.8662 0.8240 0.8088 0.7481 0.6822 0.6581 0.6850 0.5762 0.5081 0.3099 0.2296 0.1447 0.0797 0.0491 0.0089 0.0000 0.0000 0.0000 0.0000 0.0000 0.0000 0.0000 0.0000 0.0000 0.0000 0.0000 0.0000 0.0000 0.0000 0.0000 0.0000 0.0000 0.0000 0.0000 0.0000 0.0000 0.0000 0.0000 0.0000 0.0000 0.0139 0.0223 0.0102 0.0120 0.0168 0.0218 0.0284 0.0380 0.0500 0.0775 0.1058 0.1199 0.1245 0.1398 0.1626 0.1724 0.1785 0.1690 0.1738 0.1804 0.1974 0.2190 0.2356 0.2441
0.2209 0.1369 0.0000 0.0000 0.0000 0.0000 0.0000 0.2871 0.4752 0.5791 0.5531 0.5336 0.4887 0.4503 0.2798 0.1403 0.0910 0.0467 0.0000 0.0000 0.0000 0.0000 0.0000 0.0000 0.0000 0.0000 0.0000 0.0000 0.0000 0.0000 0.0000 0.0000 0.0000 0.0000 0.0000 0.0000 0.0000 0.0000 0.0000 0.0000 0.0000 0.0000 0.0000 0.0000 0.0000 0.0000 0.0304 0.0109 0.0108 0.0106 0.0113 0.0148 0.0184 0.0224 0.0270 0.0301 0.0361 0.0308 0.0000 0.0000 0.0000 0.0000 0.0000 0.0000 0.0000 0.0000 0.0000 0.0000 0.0000 0.0000 0.0000
0.0000 0.0000 0.0000 0.0000 0.0000 0.0000 0.0000 0.0000 0.0000 0.0000 0.0000 0.0000 0.0000 0.0000 0.0000 0.0000 0.0000 0.0000 0.0000 0.0000 0.0000 0.0000 0.0000 0.0000 0.0000 0.0000 0.0000 0.0000 0.0000 0.0000 0.0000 0.0000 0.0000 0.0000 0.0000 0.0000 0.0000 0.0000 0.0000 0.0000 0.0000 0.0000 0.0000 0.0000 0.0000 0.0000 0.0000 0.0000 0.0000 0.0000 0.0000 0.0000 0.0000 0.0000 0.0000 0.0000 0.0000 0.0000 0.0000 0.0000 0.0000 0.0000 0.0000 0.0000 0.0000 0.0000 0.0000 0.0000 0.0000 0.0000 0.0000
