tool_adapters/Deltares_HABITAT/example_maps/Tenryuu_river/standard_maps/flow_velocity_egg_max.asc
ncols          735
nrows          17
xllcorner     -64032,966414116
yllcorner     -127089,81923263
cellsize      12
NODATA_value  -9999
[rows 0 to 16 of 17, columns 426 to 496 of 735]
0.0000 0.0000 0.0000 0.0000 0.0000 0.0000 0.0000 0.0000 0.0000 0.0000 0.0000 0.0000 0.0000 0.0000 0.0000 0.0000 0.0000 0.0000 0.0000 0.0000 0.0000 0.0000 0.0000 0.0000 0.0000 0.0000 0.0000 0.0000 0.0000 0.0000 0.0000 0.0000 0.0000 0.0000 0.0000 0.0000 0.0000 0.0000 0.0000 0.0000 0.0000 0.0000 0.0000 0.0000 0.0000 0.0000 0.0000 0.0000 0.0000 0.0000 0.0000 0.0000 0.0000 0.0000 0.0000 0.0000 0.0000 0.0000 0.0000 0.0000 0.0000 0.0000 0.0000 0.0000 0.0000 0.0000 0.0000 0.0000 0.0000 0.0000 0.0000
0.0003 0.0000 0.0528 0.0660 0.0595 0.0583 0.0679 0.0680 0.0563 0.0545 0.0657 0.0678 0.0649 0.0754 0.0746 0.0701 0.0778 0.0774 0.0728 0.0791 0.0798 0.0747 0.0771 0.0788 0.0776 0.0784 0.0844 0.0847 0.0859 0.0901 0.0850 0.0825 0.0802 0.0787 0.0793 0.0809 0.0816 0.0840 0.0866 0.0892 0.0936 0.0964 0.1053 0.1082 0.1078 0.0981 0.1281 0.1214 0.1058 0.0947 0.0918 0.0906 0.0876 0.0928 0.1054 0.1019 0.0884 0.0835 0.0860 0.0840 0.0806 0.0771 0.0697 0.0686 0.0707 0.0730 0.0708 0.0671 0.0635 0.0566 0.0463
0.1105 0.1028 0.0967 0.0944 0.0881 0.0838 0.0825 0.0817 0.0767 0.0743 0.0743 0.0748 0.0759 0.0777 0.0779 0.0776 0.0784 0.0782 0.0795 0.0803 0.0805 0.0792 0.0796 0.0779 0.0798 0.0815 0.0854 0.0891 0.0893 0.0903 0.0901 0.0861 0.0846 0.0833 0.0830 0.0837 0.0844 0.0861 0.0881 0.0910 0.0946 0.0987 0.1043 0.1074 0.1088 0.1083 0.1135 0.1113 0.1062 0.1008 0.0972 0.0951 0.0939 0.0948 0.0967 0.0953 0.0911 0.0879 0.0868 0.0845 0.0811 0.0777 0.0740 0.0722 0.0719 0.0718 0.0703 0.0671 0.0632 0.0575 0.0495
0.1267 0.1245 0.1195 0.1163 0.1109 0.1067 0.1028 0.0987 0.0942 0.0909 0.0884 0.0868 0.0860 0.0852 0.0850 0.0849 0.0851 0.0851 0.0847 0.0856 0.0841 0.0835 0.0833 0.0800 0.0816 0.0848 0.0892 0.0937 0.0931 0.0946 0.0941 0.0920 0.0905 0.0893 0.0887 0.0883 0.0886 0.0901 0.0915 0.0939 0.0968 0.0996 0.1028 0.1056 0.1073 0.1084 0.1094 0.1079 0.1053 0.1025 0.1002 0.0982 0.0966 0.0956 0.0955 0.0941 0.0916 0.0891 0.0870 0.0847 0.0818 0.0790 0.0763 0.0744 0.0732 0.0721 0.0705 0.0680 0.0650 0.0604 0.0545
0.1352 0.1349 0.1332 0.1300 0.1263 0.1216 0.1182 0.1138 0.1095 0.1058 0.1026 0.0999 0.0979 0.0963 0.0952 0.0946 0.0945 0.0942 0.0942 0.0956 0.0894 0.0888 0.0859 0.0841 0.0865 0.0899 0.0937 0.0972 0.0986 0.0994 0.0991 0.0977 0.0967 0.0952 0.0947 0.0939 0.0938 0.0945 0.0951 0.0961 0.0977 0.0996 0.1020 0.1040 0.1054 0.1066 0.1072 0.1064 0.1051 0.1035 0.1017 0.0998 0.0981 0.0966 0.0952 0.0936 0.0915 0.0893 0.0871 0.0847 0.0822 0.0799 0.0778 0.0760 0.0747 0.0735 0.0721 0.0702 0.0681 0.0652 0.0615
0.1398 0.1376 0.1374 0.1367 0.1337 0.1302 0.1266 0.1243 0.1204 0.1170 0.1139 0.1108 0.1082 0.1062 0.1049 0.1042 0.1039 0.1041 0.1045 0.1055 0.1004 0.0924 0.0903 0.0905 0.0936 0.0971 0.1003 0.1028 0.1040 0.1047 0.1046 0.1035 0.1025 0.1009 0.1000 0.0989 0.0981 0.0977 0.0975 0.0978 0.0986 0.1000 0.1013 0.1025 0.1040 0.1050 0.1056 0.1055 0.1046 0.1034 0.1017 0.1000 0.0983 0.0966 0.0949 0.0931 0.0911 0.0890 0.0869 0.0848 0.0827 0.0808 0.0791 0.0778 0.0767 0.0759 0.0751 0.0741 0.0730 0.0716 0.0704
0.1366 0.1391 0.1387 0.1377 0.1364 0.1353 0.1325 0.1299 0.1280 0.1251 0.1218 0.1188 0.1163 0.1144 0.1132 0.1125 0.1121 0.1122 0.1133 0.1153 0.1132 0.0998 0.0954 0.0983 0.1015 0.1051 0.1077 0.1097 0.1108 0.1109 0.1103 0.1093 0.1076 0.1057 0.1040 0.1024 0.1011 0.1001 0.0993 0.0990 0.0996 0.1000 0.1002 0.1010 0.1024 0.1038 0.1043 0.1042 0.1034 0.1022 0.1004 0.0988 0.0974 0.0957 0.0939 0.0920 0.0900 0.0879 0.0860 0.0842 0.0826 0.0812 0.0801 0.0792 0.0786 0.0784 0.0784 0.0786 0.0788 0.0792 0.0804
0.1344 0.1339 0.1356 0.1374 0.1372 0.1356 0.1348 0.1349 0.1327 0.1306 0.1277 0.1256 0.1228 0.1199 0.1193 0.1195 0.1187 0.1183 0.1188 0.1205 0.1224 0.1127 0.1038 0.1064 0.1094 0.1127 0.1152 0.1172 0.1181 0.1178 0.1161 0.1140 0.1115 0.1090 0.1068 0.1046 0.1028 0.1014 0.1005 0.1002 0.0992 0.0994 0.0993 0.1001 0.1009 0.1018 0.1021 0.1018 0.1008 0.1000 0.0988 0.0972 0.0954 0.0935 0.0917 0.0898 0.0879 0.0860 0.0844 0.0830 0.0818 0.0809 0.0804 0.0802 0.0802 0.0807 0.0816 0.0832 0.0849 0.0870 0.0902
0.1314 0.1314 0.1319 0.1321 0.1340 0.1359 0.1359 0.1355 0.1351 0.1340 0.1323 0.1309 0.1286 0.1260 0.1236 0.1258 0.1231 0.1231 0.1225 0.1238 0.1257 0.1193 0.1158 0.1146 0.1173 0.1204 0.1224 0.1243 0.1247 0.1234 0.1206 0.1176 0.1142 0.1109 0.1079 0.1054 0.1036 0.1019 0.1006 0.1001 0.0977 0.0987 0.0983 0.0987 0.0990 0.0991 0.0990 0.0985 0.0980 0.0968 0.0955 0.0939 0.0922 0.0903 0.0884 0.0865 0.0847 0.0831 0.0818 0.0807 0.0800 0.0797 0.0798 0.0803 0.0811 0.0824 0.0843 0.0871 0.0898 0.0938 0.0994
0.1266 0.1271 0.1280 0.1292 0.1308 0.1322 0.1329 0.1347 0.1360 0.1360 0.1353 0.1347 0.1333 0.1314 0.1298 0.1307 0.1279 0.1257 0.1249 0.1260 0.1274 0.1264 0.1222 0.1221 0.1239 0.1263 0.1286 0.1301 0.1297 0.1273 0.1238 0.1197 0.1157 0.1118 0.1084 0.1054 0.1028 0.1005 0.0988 0.0980 0.0967 0.0965 0.0968 0.0968 0.0965 0.0960 0.0953 0.0945 0.0934 0.0924 0.0909 0.0893 0.0875 0.0857 0.0839 0.0821 0.0805 0.0792 0.0782 0.0775 0.0773 0.0775 0.0782 0.0795 0.0810 0.0832 0.0862 0.0902 0.0942 0.0995 0.1065
0.1206 0.1217 0.1233 0.1252 0.1270 0.1290 0.1308 0.1328 0.1345 0.1356 0.1361 0.1368 0.1367 0.1366 0.1362 0.1363 0.1315 0.1280 0.1260 0.1277 0.1283 0.1285 0.1273 0.1274 0.1288 0.1308 0.1331 0.1345 0.1336 0.1301 0.1253 0.1200 0.1155 0.1115 0.1076 0.1040 0.1008 0.0980 0.0960 0.0948 0.0945 0.0943 0.0942 0.0939 0.0930 0.0918 0.0904 0.0890 0.0877 0.0862 0.0848 0.0832 0.0815 0.0798 0.0780 0.0765 0.0753 0.0743 0.0737 0.0734 0.0736 0.0742 0.0755 0.0775 0.0799 0.0830 0.0868 0.0917 0.0969 0.1035 0.1115
0.1137 0.1156 0.1179 0.1204 0.1227 0.1256 0.1281 0.1301 0.1329 0.1347 0.1361 0.1381 0.1393 0.1399 0.1402 0.1402 0.1346 0.1306 0.1302 0.1304 0.1303 0.1302 0.1303 0.1311 0.1323 0.1340 0.1362 0.1375 0.1354 0.1301 0.1242 0.1182 0.1131 0.1091 0.1051 0.1012 0.0975 0.0945 0.0926 0.0917 0.0914 0.0910 0.0909 0.0899 0.0878 0.0854 0.0834 0.0817 0.0803 0.0788 0.0773 0.0758 0.0742 0.0726 0.0710 0.0698 0.0689 0.0685 0.0683 0.0684 0.0688 0.0698 0.0716 0.0743 0.0774 0.0809 0.0854 0.0908 0.0968 0.1040 0.1120
0.1067 0.1092 0.1122 0.1151 0.1181 0.1217 0.1245 0.1273 0.1311 0.1338 0.1364 0.1393 0.1415 0.1430 0.1434 0.1414 0.1390 0.1361 0.1341 0.1330 0.1321 0.1322 0.1324 0.1331 0.1340 0.1347 0.1371 0.1382 0.1336 0.1272 0.1202 0.1136 0.1082 0.1054 0.1017 0.0973 0.0934 0.0903 0.0893 0.0879 0.0874 0.0865 0.0862 0.0841 0.0803 0.0766 0.0741 0.0726 0.0715 0.0699 0.0686 0.0671 0.0653 0.0638 0.0624 0.0615 0.0613 0.0616 0.0621 0.0627 0.0632 0.0641 0.0661 0.0694 0.0729 0.0770 0.0820 0.0873 0.0934 0.1005 0.1079
0.0976 0.1018 0.1051 0.1092 0.1131 0.1177 0.1213 0.1239 0.1298 0.1329 0.1362 0.1405 0.1441 0.1468 0.1467 0.1458 0.1438 0.1405 0.1368 0.1337 0.1327 0.1327 0.1326 0.1333 0.1340 0.1326 0.1352 0.1381 0.1269 0.1217 0.1133 0.1065 0.0997 0.1032 0.0983 0.0930 0.0892 0.0841 0.0888 0.0836 0.0793 0.0779 0.0802 0.0744 0.0696 0.0635 0.0604 0.0601 0.0609 0.0588 0.0568 0.0553 0.0526 0.0523 0.0510 0.0513 0.0521 0.0532 0.0548 0.0558 0.0557 0.0555 0.0577 0.0612 0.0661 0.0705 0.0744 0.0800 0.0881 0.0941 0.0999
0.0894 0.0945 0.0980 0.1044 0.1085 0.1132 0.1188 0.1197 0.1284 0.1327 0.1349 0.1422 0.1470 0.1506 0.1531 0.1487 0.1449 0.1414 0.1355 0.1315 0.1302 0.1306 0.1293 0.1319 0.1346 0.1284 0.1260 0.1417 0.1205 0.1181 0.1103 0.0956 0.0741 0.1082 0.0993 0.0937 0.0918 0.0614 0.0880 0.0794 0.0698 0.0696 0.0617 0.0555 0.0524 0.0481 0.0460 0.0443 0.0443 0.0423 0.0410 0.0397 0.0383 0.0384 0.0368 0.0373 0.0401 0.0435 0.0474 0.0485 0.0463 0.0425 0.0439 0.0485 0.0553 0.0634 0.0687 0.0682 0.0781 0.0791 0.0925
0.0850 0.0900 0.0923 0.1023 0.1061 0.1102 0.1153 0.1192 0.1265 0.1304 0.1361 0.1435 0.1476 0.1514 0.1567 0.1469 0.1458 0.1441 0.1310 0.1289 0.1248 0.1259 0.1174 0.1258 0.1261 0.1107 0.0805 0.0746 0.0000 0.0000 0.0000 0.0000 0.0000 0.0000 0.0000 0.0000 0.0000 0.0000 0.0000 0.0000 0.0000 0.0000 0.0151 0.0256 0.0246 0.0257 0.0288 0.0273 0.0302 0.0298 0.0272 0.0292 0.0295 0.0284 0.0260 0.0273 0.0316 0.0364 0.0346 0.0359 0.0291 0.0277 0.0269 0.0269 0.0215 0.0186 0.0000 0.0000 0.0000 0.0000 0.0000
0.0000 0.0000 0.0000 0.0000 0.0000 0.0000 0.0000 0.0000 0.0000 0.0000 0.0000 0.0000 0.0000 0.0000 0.0000 0.0000 0.0000 0.0000 0.0000 0.0000 0.0000 0.0000 0.0000 0.0000 0.0000 0.0000 0.0000 0.0000 0.0000 0.0000 0.0000 0.0000 0.0000 0.0000 0.0000 0.0000 0.0000 0.0000 0.0000 0.0000 0.0000 0.0000 0.0000 0.0000 0.0000 0.0000 0.0000 0.0000 0.0000 0.0000 0.0000 0.0000 0.0000 0.0000 0.0000 0.0000 0.0000 0.0000 0.0000 0.0000 0.0000 0.0000 0.0000 0.0000 0.0000 0.0000 0.0000 0.0000 0.0000 0.0000 0.0000
