tool_adapters/Deltares_HABITAT/example_maps/Tenryuu_river/standard_maps/flow_velocity_feeding_mean.asc
ncols          735
nrows          17
xllcorner      -61262.8867
yllcorner      -118292.6406
cellsize       25
[rows 0 to 16 of 17, columns 213 to 283 of 735]
0.0000 0.0000 0.0000 0.0000 0.0000 0.0000 0.0000 0.0000 0.0000 0.0000 0.0000 0.0000 0.0000 0.0000 0.0000 0.0000 0.0000 0.0000 0.0000 0.0000 0.0000 0.0000 0.0000 0.0000 0.0000 0.0000 0.0000 0.0000 0.0000 0.0000 0.0000 0.0000 0.0000 0.0000 0.0000 0.0000 0.0000 0.0000 0.0000 0.0000 0.0000 0.0000 0.0000 0.0000 0.0000 0.0000 0.0000 0.0000 0.0000 0.0000 0.0000 0.0000 0.0000 0.0000 0.0000 0.0000 0.0000 0.0000 0.0000 0.0000 0.0000 0.0000 0.0000 0.0000 0.0000 0.0000 0.0000 0.0000 0.0000 0.0000 0.0000
1.4666 1.3571 1.1888 1.3602 1.4215 1.4016 1.4391 1.4992 1.5932 1.7117 1.7051 1.8057 1.8857 1.9381 1.9640 1.9734 1.9690 1.9523 1.9286 1.9038 1.8813 1.8618 1.8459 1.8331 1.8240 1.8185 1.8190 1.8257 1.8324 1.8373 1.8350 1.8181 1.7829 1.7301 1.6567 1.5768 1.5001 1.4334 1.3777 1.3341 1.3031 1.2801 1.2659 1.2580 1.2545 1.2543 1.2561 1.2597 1.2643 1.2731 1.2847 1.2970 1.3033 1.3048 1.3050 1.2851 1.2460 1.2201 1.1601 1.0597 0.9491 0.8486 0.7058 0.6116 0.5435 0.4666 0.4036 0.3673 0.3191 0.2738 0.2538
1.7814 1.7476 1.6445 1.6456 1.6458 1.6298 1.6299 1.6549 1.6971 1.7459 1.7659 1.8093 1.8523 1.8865 1.9109 1.9256 1.9300 1.9253 1.9144 1.9000 1.8844 1.8694 1.8555 1.8429 1.8323 1.8237 1.8184 1.8160 1.8137 1.8104 1.8047 1.7923 1.7678 1.7312 1.6810 1.6231 1.5626 1.5056 1.4542 1.4094 1.3720 1.3421 1.3185 1.3011 1.2893 1.2811 1.2753 1.2730 1.2739 1.2784 1.2854 1.2938 1.3040 1.3135 1.3195 1.3272 1.3341 1.3487 1.3438 1.3121 1.2547 1.2021 1.1541 1.1156 1.0530 0.9831 0.9285 0.8929 0.8677 0.8382 0.7920
1.6983 1.7313 1.7229 1.7174 1.7102 1.7018 1.7024 1.7164 1.7378 1.7592 1.7748 1.7979 1.8163 1.8305 1.8408 1.8491 1.8553 1.8584 1.8576 1.8539 1.8478 1.8403 1.8321 1.8232 1.8145 1.8063 1.7991 1.7924 1.7851 1.7764 1.7671 1.7561 1.7401 1.7169 1.6854 1.6480 1.6057 1.5626 1.5208 1.4821 1.4478 1.4180 1.3921 1.3715 1.3535 1.3392 1.3285 1.3197 1.3137 1.3112 1.3087 1.3087 1.3091 1.3127 1.3183 1.3212 1.3273 1.3523 1.3748 1.3917 1.3995 1.4054 1.4125 1.4008 1.3623 1.3336 1.4030 1.4460 1.4788 1.4521 1.3994
1.6248 1.6370 1.6466 1.6600 1.6709 1.6771 1.6843 1.6964 1.7105 1.7236 1.7349 1.7479 1.7588 1.7668 1.7722 1.7761 1.7790 1.7817 1.7827 1.7816 1.7790 1.7754 1.7706 1.7649 1.7587 1.7526 1.7468 1.7409 1.7342 1.7264 1.7177 1.7082 1.6978 1.6845 1.6664 1.6441 1.6172 1.5881 1.5581 1.5283 1.5003 1.4749 1.4523 1.4318 1.4134 1.3964 1.3808 1.3682 1.3573 1.3480 1.3394 1.3285 1.3198 1.3136 1.3181 1.3122 1.3057 1.3043 1.3129 1.3223 1.3360 1.3591 1.3807 1.3601 1.3852 1.4776 1.6461 1.7600 1.7043 1.6779 1.6690
1.6010 1.6061 1.6076 1.6108 1.6163 1.6229 1.6313 1.6410 1.6516 1.6622 1.6730 1.6849 1.6966 1.7074 1.7160 1.7216 1.7227 1.7211 1.7177 1.7126 1.7067 1.7005 1.6944 1.6886 1.6830 1.6779 1.6733 1.6688 1.6639 1.6585 1.6525 1.6462 1.6398 1.6330 1.6245 1.6133 1.5982 1.5805 1.5613 1.5412 1.5212 1.5021 1.4847 1.4682 1.4532 1.4389 1.4246 1.4103 1.3975 1.3850 1.3732 1.3591 1.3451 1.3359 1.3308 1.3202 1.3129 1.3021 1.2926 1.2886 1.2929 1.2936 1.3038 1.2972 1.3128 1.4751 1.5350 1.5622 1.5636 1.5762 1.6001
1.5674 1.5710 1.5720 1.5711 1.5701 1.5712 1.5755 1.5831 1.5930 1.6057 1.6211 1.6384 1.6553 1.6695 1.6792 1.6835 1.6822 1.6763 1.6673 1.6565 1.6448 1.6331 1.6221 1.6120 1.6030 1.5953 1.5890 1.5837 1.5789 1.5745 1.5704 1.5668 1.5641 1.5622 1.5598 1.5570 1.5518 1.5440 1.5341 1.5228 1.5107 1.4986 1.4868 1.4758 1.4657 1.4558 1.4458 1.4356 1.4245 1.4131 1.4018 1.3902 1.3784 1.3670 1.3577 1.3471 1.3356 1.3235 1.3076 1.2961 1.2874 1.2951 1.2831 1.2618 1.2618 1.4227 1.4131 1.3984 1.3750 1.3751 1.3863
1.5255 1.5274 1.5278 1.5277 1.5279 1.5304 1.5371 1.5488 1.5651 1.5851 1.6058 1.6252 1.6405 1.6506 1.6552 1.6546 1.6485 1.6386 1.6245 1.6081 1.5900 1.5718 1.5544 1.5383 1.5237 1.5110 1.5008 1.4918 1.4848 1.4787 1.4735 1.4702 1.4683 1.4681 1.4702 1.4744 1.4779 1.4797 1.4801 1.4784 1.4747 1.4696 1.4642 1.4590 1.4547 1.4502 1.4455 1.4410 1.4353 1.4277 1.4196 1.4113 1.4023 1.3931 1.3840 1.3737 1.3634 1.3521 1.3410 1.3278 1.3169 1.3157 1.2997 1.2805 1.3061 1.4109 1.3749 1.3553 1.3394 1.3003 1.2766
1.4881 1.4910 1.4940 1.4984 1.5060 1.5190 1.5376 1.5598 1.5814 1.6013 1.6161 1.6262 1.6321 1.6335 1.6310 1.6250 1.6141 1.5994 1.5796 1.5569 1.5332 1.5096 1.4870 1.4658 1.4459 1.4285 1.4136 1.4006 1.3888 1.3787 1.3697 1.3633 1.3588 1.3588 1.3656 1.3768 1.3887 1.3995 1.4085 1.4148 1.4190 1.4218 1.4236 1.4245 1.4255 1.4273 1.4306 1.4330 1.4321 1.4298 1.4259 1.4201 1.4127 1.4042 1.3960 1.3867 1.3776 1.3684 1.3600 1.3523 1.3457 1.3389 1.3356 1.3175 1.3965 1.4180 1.3894 1.3828 1.3579 1.3065 1.2663
1.4730 1.4834 1.4966 1.5141 1.5354 1.5588 1.5814 1.5997 1.6097 1.6158 1.6171 1.6152 1.6118 1.6069 1.5997 1.5893 1.5735 1.5528 1.5276 1.4998 1.4720 1.4450 1.4193 1.3942 1.3713 1.3517 1.3336 1.3168 1.3008 1.2870 1.2749 1.2651 1.2588 1.2602 1.2710 1.2875 1.3052 1.3209 1.3342 1.3449 1.3546 1.3635 1.3713 1.3786 1.3860 1.3931 1.4004 1.4077 1.4144 1.4181 1.4161 1.4110 1.4032 1.3948 1.3860 1.3770 1.3688 1.3605 1.3541 1.3489 1.3463 1.3439 1.3476 1.3508 1.4259 1.4283 1.4046 1.3921 1.3783 1.3713 1.3629
1.4906 1.5154 1.5427 1.5703 1.5925 1.6074 1.6147 1.6148 1.6091 1.6013 1.5927 1.5847 1.5785 1.5715 1.5612 1.5463 1.5254 1.4990 1.4687 1.4374 1.4076 1.3797 1.3533 1.3281 1.3061 1.2848 1.2650 1.2455 1.2265 1.2096 1.1951 1.1836 1.1761 1.1781 1.1926 1.2140 1.2358 1.2531 1.2673 1.2806 1.2932 1.3047 1.3170 1.3270 1.3352 1.3435 1.3521 1.3603 1.3685 1.3743 1.3779 1.3753 1.3655 1.3561 1.3470 1.3385 1.3308 1.3240 1.3183 1.3138 1.3114 1.3111 1.3109 1.3209 1.3522 1.3397 1.3665 1.3726 1.3771 1.3794 1.3832
1.5393 1.5685 1.5918 1.6081 1.6142 1.6097 1.6009 1.5885 1.5746 1.5618 1.5508 1.5438 1.5383 1.5306 1.5154 1.4946 1.4677 1.4365 1.4024 1.3703 1.3424 1.3173 1.2937 1.2712 1.2499 1.2282 1.2073 1.1855 1.1642 1.1452 1.1300 1.1172 1.1098 1.1126 1.1283 1.1519 1.1774 1.1952 1.2080 1.2210 1.2318 1.2393 1.2444 1.2477 1.2489 1.2532 1.2593 1.2658 1.2776 1.2840 1.2846 1.2885 1.2824 1.2754 1.2659 1.2567 1.2506 1.2465 1.2435 1.2414 1.2388 1.2373 1.2368 1.2332 1.2328 1.2254 1.2163 1.2221 1.2270 1.2342 1.2372
1.5750 1.5837 1.5893 1.5875 1.5788 1.5647 1.5497 1.5347 1.5208 1.5093 1.5044 1.4986 1.4927 1.4780 1.4534 1.4258 1.3921 1.3594 1.3255 1.2971 1.2746 1.2557 1.2347 1.2146 1.1950 1.1732 1.1508 1.1272 1.1044 1.0846 1.0667 1.0518 1.0471 1.0494 1.0591 1.0786 1.1027 1.1137 1.1210 1.1334 1.1264 1.1087 1.1003 1.0900 1.0759 1.0786 1.0793 1.0655 1.0747 1.0868 1.0806 1.1080 1.1131 1.1105 1.1003 1.0912 1.0903 1.0956 1.0984 1.1017 1.0963 1.0933 1.0917 1.0876 1.0841 1.0770 1.0668 1.0551 1.0540 1.0537 1.0536
1.4808 1.4836 1.4920 1.4930 1.4861 1.4737 1.4686 1.4596 1.4530 1.4488 1.4441 1.4343 1.4224 1.3935 1.3523 1.3166 1.2781 1.2502 1.2199 1.1987 1.1873 1.1725 1.1549 1.1388 1.1239 1.1018 1.0762 1.0519 1.0292 1.0073 0.9826 0.9615 0.9618 0.9533 0.9421 0.9471 0.9765 0.9861 0.9614 0.9714 0.8775 0.8071 0.7859 0.7723 0.7133 0.6782 0.6598 0.6056 0.5676 0.5078 0.4668 0.4916 0.5886 0.6172 0.6123 0.6221 0.6245 0.6515 0.6972 0.7590 0.8107 0.8524 0.8886 0.9093 0.9239 0.9367 0.9381 0.9349 0.9286 0.9548 0.9725
1.1693 1.2126 1.2411 1.2705 1.2700 1.2988 1.3389 1.3598 1.3778 1.3986 1.3661 1.3219 1.2826 1.2328 1.1758 1.1456 1.1051 1.0735 1.0711 1.0562 1.0600 1.0482 1.0381 1.0277 1.0370 0.9889 0.9602 0.9382 0.9165 0.8928 0.8611 0.8221 0.8372 0.7973 0.7380 0.6679 0.5130 0.3127 0.2086 0.0568 0.0202 0.0006 0.0012 0.0108 0.0487 0.0715 0.0719 0.0607 0.0307 0.0000 0.0000 0.0000 0.1246 0.2667 0.3368 0.4232 0.4744 0.5118 0.5396 0.5726 0.5945 0.6104 0.6644 0.7137 0.7561 0.8117 0.7931 0.7890 0.8183 0.8653 0.8671
0.1588 0.0777 0.0403 0.0000 0.0000 0.0000 0.0000 0.0000 0.0224 0.0434 0.1147 0.1739 0.2065 0.2261 0.2136 0.1990 0.1886 0.1786 0.1810 0.1667 0.1826 0.1898 0.1773 0.1507 0.0515 0.0088 0.0000 0.0000 0.0000 0.0000 0.0000 0.0000 0.0000 0.0083 0.0000 0.0000 0.0000 0.0000 0.0000 0.0000 0.0000 0.0000 0.0000 0.0000 0.0000 0.0000 0.0000 0.0000 0.0000 0.0000 0.0000 0.0000 0.0000 0.0000 0.0002 0.0055 0.0115 0.0206 0.0388 0.0570 0.0706 0.0896 0.0937 0.1079 0.1026 0.0975 0.0919 0.0860 0.1248 0.2219 0.3145
0.0000 0.0000 0.0000 0.0000 0.0000 0.0000 0.0000 0.0000 0.0000 0.0000 0.0000 0.0000 0.0000 0.0000 0.0000 0.0000 0.0000 0.0000 0.0000 0.0000 0.0000 0.0000 0.0000 0.0000 0.0000 0.0000 0.0000 0.0000 0.0000 0.0000 0.0000 0.0000 0.0000 0.0000 0.0000 0.0000 0.0000 0.0000 0.0000 0.0000 0.0000 0.0000 0.0000 0.0000 0.0000 0.0000 0.0000 0.0000 0.0000 0.0000 0.0000 0.0000 0.0000 0.0000 0.0000 0.0000 0.0000 0.0000 0.0000 0.0000 0.0000 0.0000 0.0000 0.0000 0.0000 0.0000 0.0000 0.0000 0.0000 0.0000 0.0000
