tool_adapters/Deltares_HABITAT/example_maps/Tenryuu_river/standard_maps/flow_velocity_feeding_mean.asc
ncols          735
nrows          17
xllcorner      -61262.8867
yllcorner      -118292.6406
cellsize       25
[rows 0 to 16 of 17, columns 71 to 141 of 735]
0.0000 0.0000 0.0000 0.0000 0.0000 0.0000 0.0000 0.0000 0.0000 0.0000 0.0000 0.0000 0.0000 0.0000 0.0000 0.0000 0.0000 0.0000 0.0000 0.0000 0.0000 0.0000 0.0000 0.0000 0.0000 0.0000 0.0000 0.0000 0.0000 0.0000 0.0000 0.0000 0.0000 0.0000 0.0000 0.0000 0.0000 0.0000 0.0000 0.0000 0.0000 0.0000 0.0000 0.0000 0.0000 0.0000 0.0000 0.0000 0.0000 0.0000 0.0000 0.0000 0.0000 0.0000 0.0000 0.0000 0.0000 0.0000 0.0000 0.0000 0.0000 0.0000 0.0000 0.0000 0.0000 0.0000 0.0000 0.0000 0.0000 0.0000 0.0000
1.0639 1.1029 1.1382 1.1646 1.1847 1.2014 1.2145 1.2275 1.2382 1.2504 1.2603 1.2706 1.2850 1.2964 1.2945 1.2727 1.2725 1.2985 1.3262 1.3014 1.1583 1.0832 1.0105 0.6548 0.5258 0.4267 0.3236 0.2015 0.1078 0.0433 0.0098 0.0000 0.0000 0.0000 0.0000 0.0000 0.0000 0.0000 0.0000 0.0000 0.0000 0.0000 0.0000 0.0000 0.0000 0.0000 0.0000 0.0000 0.0000 0.0000 0.0000 0.0000 0.0000 0.0000 0.0000 0.0000 0.0016 0.0027 0.0027 0.0044 0.0082 0.0129 0.0184 0.0240 0.0279 0.0351 0.0375 0.0447 0.0500 0.0532 0.0549
1.2283 1.2381 1.2502 1.2627 1.2715 1.2786 1.2929 1.3028 1.3147 1.3284 1.3418 1.3563 1.3731 1.3928 1.4114 1.4259 1.4471 1.4639 1.4587 1.4553 1.4275 1.4057 1.4467 1.4724 1.5199 1.3215 0.9154 0.6212 0.4301 0.2801 0.1778 0.0999 0.0801 0.0577 0.0262 0.0000 0.0000 0.0000 0.0000 0.0000 0.0000 0.0000 0.0000 0.0000 0.0000 0.0000 0.0000 0.0000 0.0000 0.0000 0.0000 0.0012 0.0067 0.0132 0.0189 0.0210 0.0187 0.0158 0.0167 0.0207 0.0262 0.0308 0.0378 0.0451 0.0501 0.0571 0.0641 0.0718 0.0753 0.0819 0.0860
1.4085 1.4179 1.4296 1.4409 1.4526 1.4670 1.4761 1.4895 1.5024 1.5175 1.5359 1.5551 1.5747 1.5963 1.6200 1.6462 1.6686 1.6860 1.7034 1.7175 1.7393 1.7706 1.8135 1.8848 1.9634 2.0214 1.9291 1.7903 1.6311 1.4247 1.2208 1.0230 0.7521 0.5787 0.5380 0.2490 0.1864 0.1417 0.1091 0.0604 0.0101 0.0000 0.0000 0.0000 0.0000 0.0000 0.0000 0.0000 0.0124 0.0393 0.0591 0.0703 0.0744 0.0742 0.0716 0.0669 0.0590 0.0478 0.0435 0.0440 0.0450 0.0488 0.0555 0.0641 0.0729 0.0799 0.0851 0.0944 0.1028 0.1112 0.1190
1.5888 1.6127 1.6343 1.6616 1.6855 1.7081 1.7328 1.7503 1.7699 1.7892 1.8070 1.8225 1.8338 1.8468 1.8613 1.8765 1.8950 1.9177 1.9397 1.9648 1.9849 2.0040 2.0315 2.0784 2.1574 2.2806 2.2773 2.2098 2.1087 1.9908 1.8575 1.6687 1.4837 1.2428 0.9921 0.8355 0.6569 0.3938 0.3040 0.2446 0.2077 0.1853 0.1718 0.1574 0.1446 0.1306 0.1281 0.1192 0.1073 0.1155 0.1205 0.1240 0.1165 0.1099 0.1020 0.0939 0.0850 0.0717 0.0642 0.0640 0.0658 0.0698 0.0782 0.0871 0.0994 0.1112 0.1183 0.1266 0.1364 0.1500 0.1654
1.7885 1.8211 1.8556 1.8868 1.9131 1.9339 1.9553 1.9665 1.9734 1.9768 1.9738 1.9707 1.9588 1.9524 1.9476 1.9443 1.9434 1.9512 1.9689 1.9922 2.0155 2.0478 2.0833 2.1210 2.1571 2.1898 2.2358 2.3040 2.3475 2.3272 2.2430 2.1440 2.0283 1.8237 1.5685 1.2366 0.9682 0.8369 0.5176 0.4234 0.3359 0.2871 0.2498 0.2235 0.2077 0.1912 0.1862 0.1758 0.1673 0.1585 0.1555 0.1545 0.1454 0.1289 0.1190 0.1101 0.1020 0.0914 0.0871 0.0885 0.0924 0.0978 0.1078 0.1179 0.1309 0.1490 0.1667 0.1775 0.1853 0.2000 0.2150
1.9771 2.0084 2.0338 2.0493 2.0554 2.0471 2.0341 2.0140 1.9914 1.9588 1.9247 1.8960 1.8667 1.8422 1.8243 1.8131 1.8071 1.8076 1.8171 1.8332 1.8556 1.8908 1.9371 1.9809 2.0243 2.0677 2.1315 2.1829 2.2287 2.2990 2.3674 2.3753 2.3468 2.2631 2.0705 1.8248 1.3765 1.1571 1.0024 0.5903 0.4834 0.3887 0.3286 0.2865 0.2565 0.2341 0.2175 0.2040 0.1898 0.1782 0.1692 0.1614 0.1556 0.1459 0.1360 0.1247 0.1159 0.1104 0.1132 0.1225 0.1323 0.1441 0.1552 0.1616 0.1722 0.1944 0.2030 0.2159 0.2303 0.2461 0.2651
2.0852 2.0836 2.0711 2.0397 1.9948 1.9414 1.8887 1.8317 1.7733 1.7260 1.6819 1.6407 1.6107 1.5835 1.5626 1.5496 1.5428 1.5415 1.5519 1.5724 1.5979 1.6351 1.6788 1.7281 1.7929 1.8878 1.9069 1.9847 2.0696 2.1518 2.2413 2.3439 2.4421 2.4582 2.4898 2.3942 2.0766 1.5054 1.2414 0.9984 0.6297 0.5148 0.4159 0.3524 0.3081 0.2732 0.2463 0.2253 0.2046 0.1890 0.1793 0.1711 0.1665 0.1615 0.1554 0.1462 0.1394 0.1396 0.1458 0.1560 0.1694 0.1805 0.1890 0.1991 0.2142 0.2374 0.2669 0.2944 0.3228 0.3571 0.3908
2.0164 1.9500 1.8696 1.7836 1.6933 1.6101 1.5319 1.4588 1.3984 1.3431 1.2957 1.2605 1.2404 1.2160 1.2053 1.2000 1.1994 1.1982 1.2025 1.2425 1.2879 1.3362 1.3996 1.4659 1.5285 1.5678 1.6415 1.7125 1.7958 1.9020 2.0444 2.1828 2.3257 2.5151 2.8211 2.8567 2.5961 2.0440 1.4937 1.2058 0.9476 0.6550 0.5327 0.4378 0.3656 0.3179 0.2807 0.2521 0.2303 0.2166 0.2090 0.2050 0.2044 0.2027 0.1958 0.1864 0.1830 0.1857 0.1910 0.1980 0.2069 0.2189 0.2468 0.2835 0.3331 0.3860 0.4391 0.4961 0.5453 0.5990 0.6425
1.7090 1.5863 1.4618 1.3436 1.2130 1.1270 1.0519 0.9472 0.8585 0.8038 0.7448 0.6779 0.6465 0.5978 0.5715 0.5358 0.5253 0.5118 0.4992 0.5054 0.5470 0.5564 0.5691 0.6375 0.7599 0.8873 1.0300 1.1896 1.3825 1.4956 1.6512 1.8393 2.1222 2.4087 2.6774 2.9639 2.8782 2.4870 1.9493 1.5123 1.2299 1.0086 0.7926 0.5676 0.4653 0.3865 0.3327 0.3014 0.2816 0.2732 0.2727 0.2762 0.2793 0.2809 0.2793 0.2857 0.2950 0.2999 0.3141 0.3294 0.3484 0.3949 0.4477 0.5077 0.5780 0.6461 0.7161 0.7799 0.8386 0.9013 0.9682
1.2281 1.0833 0.9887 0.8246 0.6790 0.5436 0.3818 0.2930 0.2512 0.2005 0.1863 0.1643 0.1613 0.1513 0.1462 0.1453 0.1384 0.1355 0.1520 0.1659 0.1910 0.2186 0.2336 0.2514 0.2593 0.2837 0.3212 0.3799 0.5942 0.8494 1.1398 1.3196 1.5614 1.8717 2.1433 2.5109 2.7299 2.7650 2.3841 1.8914 1.5655 1.3421 1.1680 0.9289 0.6724 0.5254 0.4409 0.3973 0.3832 0.3804 0.3898 0.4035 0.4210 0.4538 0.5421 0.6002 0.6177 0.6182 0.6010 0.5938 0.6303 0.6998 0.7709 0.8641 0.9381 1.0083 1.0667 1.1190 1.1657 1.2096 1.2540
0.7692 0.6314 0.4206 0.2985 0.2155 0.1580 0.1051 0.0636 0.0267 0.0100 0.0011 0.0000 0.0000 0.0000 0.0000 0.0000 0.0000 0.0000 0.0018 0.0091 0.0249 0.0453 0.0673 0.0868 0.1046 0.1252 0.1410 0.1567 0.1891 0.2725 0.5093 0.7611 1.0519 1.2554 1.5389 1.8203 2.2864 2.6302 2.6173 2.3548 2.0823 1.9200 1.5620 1.3446 0.9984 0.7539 0.6611 0.6296 0.6296 0.6393 0.6587 0.6840 0.7997 0.9366 1.0363 1.0672 1.0763 1.0519 0.9158 0.8927 0.9447 1.0231 1.0978 1.1691 1.2258 1.2801 1.3274 1.3698 1.4082 1.4453 1.4845
0.3218 0.2271 0.1576 0.0953 0.0476 0.0139 0.0000 0.0000 0.0000 0.0000 0.0000 0.0000 0.0000 0.0000 0.0000 0.0000 0.0000 0.0000 0.0000 0.0000 0.0010 0.0069 0.0134 0.0178 0.0221 0.0276 0.0321 0.0394 0.0604 0.0996 0.1568 0.2289 0.3602 0.7253 0.9958 1.2649 1.5810 2.0570 2.4993 2.7188 2.8269 2.6852 2.0989 1.5425 1.1752 1.0359 0.9723 0.9090 0.8536 0.8460 0.8863 1.0352 1.2251 1.3684 1.4821 1.5338 1.5669 1.5652 1.3416 1.2802 1.3160 1.3662 1.4099 1.4484 1.4785 1.5148 1.5460 1.5785 1.6112 1.6339 1.6646
0.1351 0.0761 0.0361 0.0135 0.0046 0.0029 0.0000 0.0000 0.0000 0.0000 0.0000 0.0000 0.0000 0.0000 0.0000 0.0000 0.0000 0.0000 0.0000 0.0000 0.0000 0.0010 0.0026 0.0035 0.0043 0.0064 0.0054 0.0040 0.0069 0.0225 0.0485 0.0804 0.1156 0.1695 0.3018 0.5329 0.7612 1.2471 1.8949 2.7652 3.5071 3.3260 2.5385 2.0055 1.7297 1.5605 1.4334 1.3482 1.2913 1.2530 1.3400 1.5426 1.7337 1.8752 1.9971 2.0414 2.0556 2.0515 1.8143 1.7135 1.7185 1.7085 1.7040 1.6946 1.6963 1.7190 1.7236 1.7539 1.7791 1.7793 1.7884
0.0380 0.0172 0.0095 0.0061 0.0034 0.0005 0.0003 0.0001 0.0000 0.0000 0.0000 0.0000 0.0000 0.0000 0.0000 0.0000 0.0000 0.0000 0.0000 0.0000 0.0001 0.0002 0.0012 0.0016 0.0017 0.0026 0.0013 0.0010 0.0005 0.0004 0.0006 0.0002 0.0000 0.0009 0.0160 0.0588 0.1387 0.3093 0.7334 1.5187 2.0915 2.2833 2.3421 2.4341 2.3504 2.1914 2.0562 2.0019 1.9661 1.9544 2.0179 2.1522 2.2963 2.3790 2.4666 2.4844 2.4478 2.3782 2.1815 2.0752 1.9864 1.9289 1.8863 1.8573 1.8601 1.8610 1.8615 1.8898 1.8654 1.8276 1.8400
0.0001 0.0000 0.0000 0.0000 0.0000 0.0001 0.0001 0.0001 0.0000 0.0000 0.0000 0.0000 0.0000 0.0000 0.0000 0.0000 0.0000 0.0000 0.0000 0.0000 0.0000 0.0000 0.0001 0.0003 0.0004 0.0000 0.0000 0.0000 0.0000 0.0000 0.0000 0.0000 0.0000 0.0000 0.0000 0.0000 0.0000 0.0000 0.0301 0.1717 0.4642 0.6733 1.2451 1.6900 2.0344 2.1820 2.3031 2.3857 2.4307 2.4138 2.4307 2.5053 2.5751 2.6283 2.6975 2.7146 2.6263 2.4839 2.3387 2.1367 1.9739 1.9513 1.8714 1.8086 1.8928 1.8999 1.9383 1.8932 1.7785 1.6362 1.7284
0.0000 0.0000 0.0000 0.0000 0.0000 0.0000 0.0000 0.0000 0.0000 0.0000 0.0000 0.0000 0.0000 0.0000 0.0000 0.0000 0.0000 0.0000 0.0000 0.0000 0.0000 0.0000 0.0000 0.0000 0.0000 0.0000 0.0000 0.0000 0.0000 0.0000 0.0000 0.0000 0.0000 0.0000 0.0000 0.0000 0.0000 0.0000 0.0000 0.0000 0.0000 0.0000 0.0000 0.0000 0.0000 0.0000 0.0000 0.0000 0.0000 0.0000 0.0000 0.0000 0.0000 0.0000 0.0000 0.0000 0.0000 0.0000 0.0000 0.0000 0.0000 0.0000 0.0000 0.0000 0.0000 0.0000 0.0000 0.0000 0.0000 0.0000 0.0000
