tool_adapters/Deltares_HABITAT/example_maps/Tenryuu_river/standard_maps/flow_velocity_ascending_max.asc
ncols          735
nrows          17
xllcorner     -64032,966414116
yllcorner     -127089,81923263
cellsize      12
NODATA_value  -9999
[rows 0 to 16 of 17, columns 284 to 354 of 735]
0.0000 0.0000 0.0000 0.0000 0.0000 0.0000 0.0000 0.0000 0.0000 0.0000 0.0000 0.0000 0.0000 0.0000 0.0000 0.0000 0.0000 0.0000 0.0000 0.0000 0.0000 0.0000 0.0000 0.0000 0.0000 0.0000 0.0000 0.0000 0.0000 0.0000 0.0000 0.0000 0.0000 0.0000 0.0000 0.0000 0.0000 0.0000 0.0000 0.0000 0.0000 0.0000 0.0000 0.0000 0.0000 0.0000 0.0000 0.0000 0.0000 0.0000 0.0000 0.0000 0.0000 0.0000 0.0000 0.0000 0.0000 0.0000 0.0000 0.0000 0.0000 0.0000 0.0000 0.0000 0.0000 0.0000 0.0000 0.0000 0.0000 0.0000 0.0000
0.1626 0.1418 0.0000 0.0000 0.0000 0.0000 0.0000 0.0000 0.0178 0.0000 0.0000 0.0000 0.0269 0.0296 0.0425 0.0581 0.0536 0.0493 0.0424 0.0438 0.0453 0.0430 0.0544 0.0352 0.0355 0.0287 0.0000 0.0000 0.0000 0.0000 0.0000 0.0000 0.0000 0.0000 0.0000 0.0000 0.0000 0.0000 0.0000 0.0000 0.0000 0.0000 0.0000 0.0000 0.0000 0.0000 0.0000 0.0265 0.0332 0.0362 0.0408 0.0481 0.0635 0.0808 0.0999 0.1359 0.1699 0.1781 0.1808 0.2053 0.2189 0.2272 0.2338 0.2427 0.2438 0.2353 0.2295 0.2290 0.2334 0.2368 0.2398
0.2941 0.2766 0.2677 0.2597 0.2517 0.2357 0.2136 0.1993 0.1912 0.1907 0.1982 0.1995 0.1929 0.1849 0.1792 0.1749 0.1807 0.1861 0.1906 0.1920 0.1988 0.2028 0.2120 0.2109 0.2050 0.2158 0.2204 0.2277 0.2360 0.2412 0.2474 0.2545 0.2633 0.2728 0.2186 0.2011 0.2388 0.2438 0.2285 0.2161 0.1981 0.1837 0.1732 0.1278 0.0970 0.0788 0.0700 0.0672 0.0664 0.0648 0.0666 0.0726 0.0830 0.0980 0.1188 0.1403 0.1625 0.1831 0.1930 0.2099 0.2221 0.2310 0.2381 0.2445 0.2443 0.2384 0.2367 0.2383 0.2424 0.2475 0.2547
0.3459 0.3378 0.3288 0.3174 0.3048 0.2703 0.2532 0.2524 0.2527 0.2534 0.2546 0.2528 0.2503 0.2469 0.2444 0.2395 0.2309 0.2288 0.2260 0.2227 0.2376 0.2451 0.2476 0.2498 0.2478 0.2560 0.2581 0.2611 0.2657 0.2717 0.2760 0.2798 0.2781 0.2803 0.2639 0.2529 0.2512 0.2421 0.2364 0.2253 0.2112 0.2002 0.1961 0.1548 0.1122 0.0938 0.0938 0.0980 0.1014 0.1024 0.1046 0.1096 0.1165 0.1248 0.1376 0.1537 0.1731 0.1885 0.2016 0.2174 0.2307 0.2408 0.2468 0.2538 0.2497 0.2527 0.2535 0.2541 0.2579 0.2611 0.2655
0.3549 0.3473 0.3406 0.3310 0.3281 0.3208 0.3177 0.3156 0.3096 0.3040 0.2965 0.2932 0.2903 0.2872 0.2827 0.2786 0.2766 0.2739 0.2725 0.2485 0.2780 0.2872 0.2931 0.2942 0.2997 0.2993 0.2911 0.2935 0.3000 0.3135 0.3151 0.3177 0.3155 0.3102 0.2993 0.2862 0.2752 0.2636 0.2527 0.2412 0.2294 0.2198 0.2147 0.2079 0.1687 0.1360 0.1366 0.1396 0.1398 0.1379 0.1372 0.1387 0.1446 0.1519 0.1622 0.1758 0.1905 0.2041 0.2178 0.2336 0.2473 0.2601 0.2653 0.2662 0.2701 0.2705 0.2712 0.2697 0.2693 0.2693 0.2695
0.3367 0.3315 0.3258 0.3207 0.3182 0.3205 0.3238 0.3216 0.3206 0.3173 0.3146 0.3130 0.3104 0.3071 0.3034 0.2985 0.2909 0.2837 0.3147 0.3125 0.3179 0.3211 0.3256 0.3282 0.3328 0.3330 0.3303 0.3343 0.3417 0.3477 0.3523 0.3562 0.3549 0.3487 0.3395 0.3231 0.3057 0.2914 0.2799 0.2677 0.2581 0.2484 0.2430 0.2411 0.2236 0.1955 0.1915 0.1882 0.1854 0.1814 0.1776 0.1752 0.1771 0.1824 0.1911 0.2018 0.2141 0.2266 0.2398 0.2568 0.2732 0.2787 0.2859 0.2868 0.2878 0.2846 0.2811 0.2771 0.2731 0.2698 0.2672
0.3038 0.2925 0.2792 0.2778 0.2849 0.2862 0.2821 0.2803 0.2824 0.2889 0.2967 0.2989 0.3012 0.3032 0.3051 0.3071 0.3102 0.3151 0.3231 0.3301 0.3374 0.3420 0.3460 0.3499 0.3544 0.3624 0.3699 0.3769 0.3813 0.3862 0.3905 0.3921 0.3874 0.3795 0.3686 0.3552 0.3426 0.3309 0.3202 0.3077 0.2977 0.2891 0.2808 0.2746 0.2651 0.2504 0.2410 0.2341 0.2285 0.2238 0.2191 0.2149 0.2128 0.2153 0.2221 0.2296 0.2405 0.2527 0.2667 0.2800 0.2915 0.2995 0.3030 0.3010 0.2969 0.2906 0.2829 0.2752 0.2678 0.2625 0.2586
0.2861 0.2767 0.2603 0.2519 0.2534 0.2553 0.2544 0.2612 0.2632 0.2671 0.2738 0.2837 0.2900 0.2958 0.3013 0.3075 0.3140 0.3186 0.3202 0.3328 0.3434 0.3493 0.3552 0.3633 0.3726 0.3857 0.3956 0.4006 0.4074 0.4119 0.4123 0.4123 0.4098 0.4052 0.3997 0.3854 0.3771 0.3685 0.3598 0.3499 0.3401 0.3295 0.3196 0.3100 0.3007 0.2908 0.2818 0.2741 0.2673 0.2611 0.2562 0.2518 0.2491 0.2492 0.2524 0.2577 0.2655 0.2755 0.2873 0.2997 0.3073 0.3113 0.3117 0.3066 0.2978 0.2874 0.2758 0.2656 0.2560 0.2470 0.2437
0.2873 0.2840 0.2783 0.2713 0.2634 0.2621 0.2655 0.2667 0.2688 0.2724 0.2774 0.2829 0.2895 0.2966 0.3032 0.3094 0.3149 0.3209 0.3288 0.3386 0.3465 0.3564 0.3639 0.3741 0.3861 0.3992 0.4087 0.4152 0.4225 0.4285 0.4254 0.4255 0.4257 0.4227 0.4181 0.4152 0.4099 0.4027 0.3939 0.3844 0.3744 0.3643 0.3541 0.3439 0.3343 0.3248 0.3160 0.3080 0.3006 0.2937 0.2875 0.2825 0.2791 0.2778 0.2787 0.2819 0.2873 0.2944 0.3034 0.3113 0.3168 0.3172 0.3133 0.3048 0.2912 0.2768 0.2632 0.2503 0.2392 0.2307 0.2231
0.3059 0.3041 0.3020 0.2960 0.2869 0.2798 0.2776 0.2783 0.2807 0.2845 0.2890 0.2942 0.2998 0.3062 0.3130 0.3193 0.3249 0.3297 0.3354 0.3423 0.3507 0.3601 0.3705 0.3809 0.3916 0.4045 0.4151 0.4227 0.4306 0.4369 0.4368 0.4329 0.4390 0.4409 0.4397 0.4375 0.4333 0.4270 0.4193 0.4106 0.4013 0.3916 0.3815 0.3714 0.3620 0.3528 0.3441 0.3357 0.3277 0.3202 0.3133 0.3073 0.3025 0.2994 0.2982 0.2991 0.3015 0.3060 0.3116 0.3183 0.3210 0.3190 0.3097 0.2952 0.2772 0.2596 0.2446 0.2307 0.2191 0.2101 0.2032
0.3162 0.3135 0.3113 0.3051 0.2946 0.2854 0.2815 0.2815 0.2828 0.2851 0.2885 0.2933 0.2989 0.3078 0.3171 0.3238 0.3273 0.3295 0.3327 0.3374 0.3441 0.3533 0.3651 0.3784 0.3918 0.4044 0.4162 0.4261 0.4336 0.4393 0.4435 0.4450 0.4492 0.4521 0.4522 0.4504 0.4472 0.4423 0.4359 0.4281 0.4196 0.4105 0.4010 0.3912 0.3818 0.3731 0.3647 0.3564 0.3483 0.3402 0.3323 0.3249 0.3185 0.3136 0.3100 0.3086 0.3058 0.3091 0.3156 0.3215 0.3209 0.3134 0.3008 0.2810 0.2577 0.2372 0.2218 0.2082 0.1966 0.1871 0.1801
0.3054 0.3026 0.2998 0.2936 0.2842 0.2761 0.2708 0.2680 0.2668 0.2679 0.2714 0.2807 0.2903 0.3005 0.3097 0.3151 0.3151 0.3158 0.3179 0.3215 0.3283 0.3379 0.3519 0.3683 0.3847 0.3996 0.4120 0.4224 0.4320 0.4401 0.4467 0.4511 0.4536 0.4562 0.4559 0.4550 0.4528 0.4490 0.4439 0.4375 0.4298 0.4215 0.4126 0.4034 0.3940 0.3857 0.3780 0.3703 0.3623 0.3538 0.3443 0.3353 0.3276 0.3212 0.3137 0.3069 0.3035 0.3080 0.3160 0.3186 0.3135 0.3036 0.2862 0.2591 0.2316 0.2102 0.1967 0.1826 0.1706 0.1597 0.1516
0.2779 0.2748 0.2744 0.2688 0.2609 0.2518 0.2453 0.2412 0.2415 0.2418 0.2494 0.2624 0.2660 0.2808 0.2790 0.2913 0.2932 0.2905 0.2908 0.2955 0.3037 0.3145 0.3319 0.3495 0.3661 0.3820 0.3987 0.4143 0.4271 0.4363 0.4433 0.4498 0.4529 0.4508 0.4500 0.4515 0.4507 0.4481 0.4443 0.4393 0.4328 0.4253 0.4171 0.4084 0.3994 0.3917 0.3847 0.3780 0.3706 0.3629 0.3498 0.3394 0.3298 0.3204 0.3089 0.2990 0.2954 0.3036 0.3098 0.3125 0.2995 0.2845 0.2693 0.2305 0.2001 0.1780 0.1760 0.1552 0.1405 0.1272 0.1125
0.2329 0.2339 0.2386 0.2323 0.2202 0.2053 0.1909 0.1727 0.1709 0.1629 0.1737 0.1880 0.1831 0.2426 0.2581 0.2071 0.2164 0.2187 0.2381 0.2548 0.2676 0.2772 0.2902 0.3255 0.3423 0.3675 0.3879 0.4029 0.4199 0.4255 0.4312 0.4398 0.4391 0.4314 0.4369 0.4401 0.4401 0.4389 0.4374 0.4341 0.4288 0.4226 0.4155 0.4074 0.3988 0.3915 0.3847 0.3800 0.3755 0.3693 0.3506 0.3328 0.3269 0.3143 0.2965 0.2812 0.2798 0.2891 0.2981 0.2986 0.2681 0.2441 0.2618 0.1913 0.1613 0.1275 0.1402 0.1153 0.1064 0.0927 0.0406
0.1528 0.1614 0.1872 0.2022 0.1511 0.1399 0.1249 0.1114 0.0852 0.0480 0.0389 0.0000 0.0000 0.0000 0.0000 0.0000 0.0000 0.0000 0.0000 0.0000 0.0000 0.0000 0.0567 0.1075 0.1771 0.2401 0.2852 0.3155 0.3443 0.3514 0.3674 0.3930 0.3977 0.3990 0.4077 0.4152 0.4205 0.4223 0.4238 0.4229 0.4191 0.4147 0.4087 0.4012 0.3928 0.3836 0.3732 0.3680 0.3810 0.3883 0.3603 0.3262 0.3251 0.3107 0.2755 0.2556 0.2415 0.2723 0.2692 0.2868 0.2079 0.1331 0.0644 0.0000 0.0000 0.0000 0.0000 0.0000 0.0000 0.0000 0.0000
0.0783 0.0812 0.0822 0.0331 0.0000 0.0000 0.0000 0.0000 0.0000 0.0000 0.0000 0.0000 0.0000 0.0000 0.0000 0.0000 0.0000 0.0000 0.0000 0.0000 0.0000 0.0000 0.0000 0.0000 0.0000 0.0000 0.1019 0.1535 0.2282 0.2695 0.3044 0.3442 0.3624 0.3709 0.3877 0.3991 0.3995 0.4057 0.4112 0.4115 0.4092 0.4066 0.4020 0.3955 0.3876 0.3786 0.3687 0.3562 0.3465 0.3610 0.3663 0.3650 0.3434 0.3054 0.2260 0.2240 0.1894 0.2222 0.1565 0.0000 0.0000 0.0000 0.0000 0.0000 0.0000 0.0000 0.0000 0.0000 0.0000 0.0000 0.0000
0.0000 0.0000 0.0000 0.0000 0.0000 0.0000 0.0000 0.0000 0.0000 0.0000 0.0000 0.0000 0.0000 0.0000 0.0000 0.0000 0.0000 0.0000 0.0000 0.0000 0.0000 0.0000 0.0000 0.0000 0.0000 0.0000 0.0000 0.0000 0.0000 0.0000 0.0000 0.0000 0.0000 0.0000 0.0000 0.0000 0.0000 0.0000 0.0000 0.0000 0.0000 0.0000 0.0000 0.0000 0.0000 0.0000 0.0000 0.0000 0.0000 0.0000 0.0000 0.0000 0.0000 0.0000 0.0000 0.0000 0.0000 0.0000 0.0000 0.0000 0.0000 0.0000 0.0000 0.0000 0.0000 0.0000 0.0000 0.0000 0.0000 0.0000 0.0000
