tool_adapters/Deltares_HABITAT/example_maps/Tenryuu_river/standard_maps/oxygen_concentration_watercolumn_feeding_min.asc
ncols          735
nrows          17
xllcorner      -61262.8867
yllcorner      -118292.6406
cellsize       25
[rows 0 to 16 of 17, columns 402 to 468 of 735]
NaN NaN NaN NaN NaN NaN NaN NaN NaN NaN NaN NaN NaN NaN NaN NaN NaN NaN NaN NaN NaN NaN NaN NaN NaN NaN NaN NaN NaN NaN NaN NaN NaN NaN NaN NaN NaN NaN NaN NaN NaN NaN NaN NaN NaN NaN NaN NaN NaN NaN NaN NaN NaN NaN NaN NaN NaN NaN NaN NaN NaN NaN NaN NaN NaN NaN NaN
10.5398 10.5398 10.5387 10.5387 10.5387 10.5378 10.5378 10.5378 10.5368 10.5368 10.5368 10.5359 10.5359 10.5359 10.5351 10.5351 10.5351 10.5344 10.5344 10.5344 10.5336 10.5336 10.5336 10.5327 10.5327 10.5327 10.5317 10.5317 10.5317 10.5304 10.5304 10.5304 10.5290 10.5290 10.5290 10.5274 10.5274 10.5274 10.5256 10.5256 10.5256 10.5238 10.5238 10.5238 10.5220 10.5220 10.5220 10.5201 10.5201 10.5201 10.5184 10.5184 10.5184 10.5165 10.5165 10.5165 10.5147 10.5147 10.5147 10.5130 10.5130 10.5130 10.5115 10.5115 10.5115 10.5102 10.5102
10.5398 10.5398 10.5387 10.5387 10.5387 10.5378 10.5378 10.5378 10.5368 10.5368 10.5368 10.5359 10.5359 10.5359 10.5351 10.5351 10.5351 10.5344 10.5344 10.5344 10.5336 10.5336 10.5336 10.5327 10.5327 10.5327 10.5317 10.5317 10.5317 10.5304 10.5304 10.5304 10.5290 10.5290 10.5290 10.5274 10.5274 10.5274 10.5256 10.5256 10.5256 10.5238 10.5238 10.5238 10.5220 10.5220 10.5220 10.5201 10.5201 10.5201 10.5184 10.5184 10.5184 10.5165 10.5165 10.5165 10.5147 10.5147 10.5147 10.5130 10.5130 10.5130 10.5115 10.5115 10.5115 10.5102 10.5102
10.5398 10.5398 10.5387 10.5387 10.5387 10.5378 10.5378 10.5378 10.5368 10.5368 10.5368 10.5359 10.5359 10.5359 10.5351 10.5351 10.5351 10.5344 10.5344 10.5344 10.5336 10.5336 10.5336 10.5327 10.5327 10.5327 10.5317 10.5317 10.5317 10.5304 10.5304 10.5304 10.5290 10.5290 10.5290 10.5274 10.5274 10.5274 10.5256 10.5256 10.5256 10.5238 10.5238 10.5238 10.5220 10.5220 10.5220 10.5201 10.5201 10.5201 10.5184 10.5184 10.5184 10.5165 10.5165 10.5165 10.5147 10.5147 10.5147 10.5130 10.5130 10.5130 10.5115 10.5115 10.5115 10.5102 10.5102
10.5395 10.5395 10.5384 10.5384 10.5384 10.5374 10.5374 10.5374 10.5364 10.5364 10.5364 10.5354 10.5354 10.5354 10.5346 10.5346 10.5346 10.5338 10.5338 10.5338 10.5330 10.5330 10.5330 10.5321 10.5321 10.5321 10.5312 10.5312 10.5312 10.5300 10.5300 10.5300 10.5286 10.5286 10.5286 10.5270 10.5270 10.5270 10.5253 10.5253 10.5253 10.5235 10.5235 10.5235 10.5218 10.5218 10.5218 10.5201 10.5201 10.5201 10.5185 10.5185 10.5185 10.5169 10.5169 10.5169 10.5154 10.5154 10.5154 10.5139 10.5139 10.5139 10.5123 10.5123 10.5123 10.5110 10.5110
10.5395 10.5395 10.5384 10.5384 10.5384 10.5374 10.5374 10.5374 10.5364 10.5364 10.5364 10.5354 10.5354 10.5354 10.5346 10.5346 10.5346 10.5338 10.5338 10.5338 10.5330 10.5330 10.5330 10.5321 10.5321 10.5321 10.5312 10.5312 10.5312 10.5300 10.5300 10.5300 10.5286 10.5286 10.5286 10.5270 10.5270 10.5270 10.5253 10.5253 10.5253 10.5235 10.5235 10.5235 10.5218 10.5218 10.5218 10.5201 10.5201 10.5201 10.5185 10.5185 10.5185 10.5169 10.5169 10.5169 10.5154 10.5154 10.5154 10.5139 10.5139 10.5139 10.5123 10.5123 10.5123 10.5110 10.5110
10.5395 10.5395 10.5384 10.5384 10.5384 10.5374 10.5374 10.5374 10.5364 10.5364 10.5364 10.5354 10.5354 10.5354 10.5346 10.5346 10.5346 10.5338 10.5338 10.5338 10.5330 10.5330 10.5330 10.5321 10.5321 10.5321 10.5312 10.5312 10.5312 10.5300 10.5300 10.5300 10.5286 10.5286 10.5286 10.5270 10.5270 10.5270 10.5253 10.5253 10.5253 10.5235 10.5235 10.5235 10.5218 10.5218 10.5218 10.5201 10.5201 10.5201 10.5185 10.5185 10.5185 10.5169 10.5169 10.5169 10.5154 10.5154 10.5154 10.5139 10.5139 10.5139 10.5123 10.5123 10.5123 10.5110 10.5110
10.5384 10.5384 10.5372 10.5372 10.5372 10.5361 10.5361 10.5361 10.5351 10.5351 10.5351 10.5340 10.5340 10.5340 10.5330 10.5330 10.5330 10.5321 10.5321 10.5321 10.5312 10.5312 10.5312 10.5303 10.5303 10.5303 10.5293 10.5293 10.5293 10.5282 10.5282 10.5282 10.5269 10.5269 10.5269 10.5255 10.5255 10.5255 10.5240 10.5240 10.5240 10.5226 10.5226 10.5226 10.5211 10.5211 10.5211 10.5196 10.5196 10.5196 10.5182 10.5182 10.5182 10.5169 10.5169 10.5169 10.5157 10.5157 10.5157 10.5145 10.5145 10.5145 10.5130 10.5130 10.5130 10.5117 10.5117
10.5384 10.5384 10.5372 10.5372 10.5372 10.5361 10.5361 10.5361 10.5351 10.5351 10.5351 10.5340 10.5340 10.5340 10.5330 10.5330 10.5330 10.5321 10.5321 10.5321 10.5312 10.5312 10.5312 10.5303 10.5303 10.5303 10.5293 10.5293 10.5293 10.5282 10.5282 10.5282 10.5269 10.5269 10.5269 10.5255 10.5255 10.5255 10.5240 10.5240 10.5240 10.5226 10.5226 10.5226 10.5211 10.5211 10.5211 10.5196 10.5196 10.5196 10.5182 10.5182 10.5182 10.5169 10.5169 10.5169 10.5157 10.5157 10.5157 10.5145 10.5145 10.5145 10.5130 10.5130 10.5130 10.5117 10.5117
10.5384 10.5384 10.5372 10.5372 10.5372 10.5361 10.5361 10.5361 10.5351 10.5351 10.5351 10.5340 10.5340 10.5340 10.5330 10.5330 10.5330 10.5321 10.5321 10.5321 10.5312 10.5312 10.5312 10.5303 10.5303 10.5303 10.5293 10.5293 10.5293 10.5282 10.5282 10.5282 10.5269 10.5269 10.5269 10.5255 10.5255 10.5255 10.5240 10.5240 10.5240 10.5226 10.5226 10.5226 10.5211 10.5211 10.5211 10.5196 10.5196 10.5196 10.5182 10.5182 10.5182 10.5169 10.5169 10.5169 10.5157 10.5157 10.5157 10.5145 10.5145 10.5145 10.5130 10.5130 10.5130 10.5117 10.5117
10.5369 10.5369 10.5355 10.5355 10.5355 10.5344 10.5344 10.5344 10.5333 10.5333 10.5333 10.5322 10.5322 10.5322 10.5311 10.5311 10.5311 10.5300 10.5300 10.5300 10.5289 10.5289 10.5289 10.5277 10.5277 10.5277 10.5266 10.5266 10.5266 10.5255 10.5255 10.5255 10.5244 10.5244 10.5244 10.5233 10.5233 10.5233 10.5222 10.5222 10.5222 10.5211 10.5211 10.5211 10.5200 10.5200 10.5200 10.5188 10.5188 10.5188 10.5178 10.5178 10.5178 10.5168 10.5168 10.5168 10.5157 10.5157 10.5157 10.5145 10.5145 10.5145 10.5132 10.5132 10.5132 10.5119 10.5119
10.5369 10.5369 10.5355 10.5355 10.5355 10.5344 10.5344 10.5344 10.5333 10.5333 10.5333 10.5322 10.5322 10.5322 10.5311 10.5311 10.5311 10.5300 10.5300 10.5300 10.5289 10.5289 10.5289 10.5277 10.5277 10.5277 10.5266 10.5266 10.5266 10.5255 10.5255 10.5255 10.5244 10.5244 10.5244 10.5233 10.5233 10.5233 10.5222 10.5222 10.5222 10.5211 10.5211 10.5211 10.5200 10.5200 10.5200 10.5188 10.5188 10.5188 10.5178 10.5178 10.5178 10.5168 10.5168 10.5168 10.5157 10.5157 10.5157 10.5145 10.5145 10.5145 10.5132 10.5132 10.5132 10.5119 10.5119
10.5369 10.5369 10.5355 10.5355 10.5355 10.5344 10.5344 10.5344 10.5333 10.5333 10.5333 10.5322 10.5322 10.5322 10.5311 10.5311 10.5311 10.5300 10.5300 10.5300 10.5289 10.5289 10.5289 10.5277 10.5277 10.5277 10.5266 10.5266 10.5266 10.5255 10.5255 10.5255 10.5244 10.5244 10.5244 10.5233 10.5233 10.5233 10.5222 10.5222 10.5222 10.5211 10.5211 10.5211 10.5200 10.5200 10.5200 10.5188 10.5188 10.5188 10.5178 10.5178 10.5178 10.5168 10.5168 10.5168 10.5157 10.5157 10.5157 10.5145 10.5145 10.5145 10.5132 10.5132 10.5132 10.5119 10.5119
10.5346 10.5346 10.5335 10.5335 10.5335 10.5325 10.5325 10.5325 10.5316 10.5316 10.5316 10.5305 10.5305 10.5305 10.5292 10.5292 10.5292 10.5278 10.5278 10.5278 10.5262 10.5262 10.5262 10.5248 10.5248 10.5248 10.5237 10.5237 10.5237 10.5229 10.5229 10.5229 10.5221 10.5221 10.5221 10.5215 10.5215 10.5215 10.5208 10.5208 10.5208 10.5200 10.5200 10.5200 10.5192 10.5192 10.5192 10.5183 10.5183 10.5183 10.5175 10.5175 10.5175 10.5166 10.5166 10.5166 10.5156 10.5156 10.5156 10.5144 10.5144 10.5144 10.5131 10.5131 10.5131 10.5117 10.5117
10.5346 10.5346 10.5335 10.5335 10.5335 10.5325 10.5325 10.5325 10.5316 10.5316 10.5316 10.5305 10.5305 10.5305 10.5292 10.5292 10.5292 10.5278 10.5278 10.5278 10.5262 10.5262 10.5262 10.5248 10.5248 10.5248 10.5237 10.5237 10.5237 10.5229 10.5229 10.5229 10.5221 10.5221 10.5221 10.5215 10.5215 10.5215 10.5208 10.5208 10.5208 10.5200 10.5200 10.5200 10.5192 10.5192 10.5192 10.5183 10.5183 10.5183 10.5175 10.5175 10.5175 10.5166 10.5166 10.5166 10.5156 10.5156 10.5156 10.5144 10.5144 10.5144 10.5131 10.5131 10.5131 10.5117 10.5117
10.5346 10.5346 10.5335 10.5335 10.5335 10.5325 10.5325 10.5325 10.5316 10.5316 10.5316 10.5305 10.5305 10.5305 10.5292 10.5292 10.5292 10.5278 10.5278 10.5278 10.5262 10.5262 10.5262 10.5248 10.5248 10.5248 10.5237 10.5237 10.5237 10.5229 10.5229 10.5229 10.5221 10.5221 10.5221 10.5215 10.5215 10.5215 10.5208 10.5208 10.5208 10.5200 10.5200 10.5200 10.5192 10.5192 10.5192 10.5183 10.5183 10.5183 10.5175 10.5175 10.5175 10.5166 10.5166 10.5166 10.5156 10.5156 10.5156 10.5144 10.5144 10.5144 10.5131 10.5131 10.5131 10.5117 10.5117
NaN NaN NaN NaN NaN NaN NaN NaN NaN NaN NaN NaN NaN NaN NaN NaN NaN NaN NaN NaN NaN NaN NaN NaN NaN NaN NaN NaN NaN NaN NaN NaN NaN NaN NaN NaN NaN NaN NaN NaN NaN NaN NaN NaN NaN NaN NaN NaN NaN NaN NaN NaN NaN NaN NaN NaN NaN NaN NaN NaN NaN NaN NaN NaN NaN NaN NaN
