tool_adapters/Deltares_HABITAT/example_maps/Tenryuu_river/standard_maps/oxygen_concentration_watercolumn_feeding_min.asc
ncols          735
nrows          17
xllcorner      -61262.8867
yllcorner      -118292.6406
cellsize       25
[rows 0 to 16 of 17, columns 603 to 669 of 735]
NaN NaN NaN NaN NaN NaN NaN NaN NaN NaN NaN NaN NaN NaN NaN NaN NaN NaN NaN NaN NaN NaN NaN NaN NaN NaN NaN NaN NaN NaN NaN NaN NaN NaN NaN NaN NaN NaN NaN NaN NaN NaN NaN NaN NaN NaN NaN NaN NaN NaN NaN NaN NaN NaN NaN NaN NaN NaN NaN NaN NaN NaN NaN NaN NaN NaN NaN
10.3101 10.3101 10.3101 10.3101 10.3101 10.3103 10.3103 10.3103 10.3104 10.3104 10.3104 10.3103 10.3103 10.3103 10.3101 10.3101 10.3101 10.3091 10.3091 10.3091 10.3081 10.3081 10.3081 10.2890 10.2890 10.2890 10.2929 10.2929 10.2929 10.2819 10.2819 10.2819 10.2740 10.2740 10.2740 10.2737 10.2737 10.2737 10.2821 10.2821 10.2821 10.3054 10.3054 10.3054 10.3460 10.3460 10.3460 10.4292 10.4292 10.4292 10.4483 10.4483 10.4483 10.3843 10.3843 10.3843 10.3618 10.3618 10.3618 10.4272 10.4272 10.4272 10.4648 10.4648 10.4648 10.4579 10.4579
10.3101 10.3101 10.3101 10.3101 10.3101 10.3103 10.3103 10.3103 10.3104 10.3104 10.3104 10.3103 10.3103 10.3103 10.3101 10.3101 10.3101 10.3091 10.3091 10.3091 10.3081 10.3081 10.3081 10.2890 10.2890 10.2890 10.2929 10.2929 10.2929 10.2819 10.2819 10.2819 10.2740 10.2740 10.2740 10.2737 10.2737 10.2737 10.2821 10.2821 10.2821 10.3054 10.3054 10.3054 10.3460 10.3460 10.3460 10.4292 10.4292 10.4292 10.4483 10.4483 10.4483 10.3843 10.3843 10.3843 10.3618 10.3618 10.3618 10.4272 10.4272 10.4272 10.4648 10.4648 10.4648 10.4579 10.4579
10.3101 10.3101 10.3101 10.3101 10.3101 10.3103 10.3103 10.3103 10.3104 10.3104 10.3104 10.3103 10.3103 10.3103 10.3101 10.3101 10.3101 10.3091 10.3091 10.3091 10.3081 10.3081 10.3081 10.2890 10.2890 10.2890 10.2929 10.2929 10.2929 10.2819 10.2819 10.2819 10.2740 10.2740 10.2740 10.2737 10.2737 10.2737 10.2821 10.2821 10.2821 10.3054 10.3054 10.3054 10.3460 10.3460 10.3460 10.4292 10.4292 10.4292 10.4483 10.4483 10.4483 10.3843 10.3843 10.3843 10.3618 10.3618 10.3618 10.4272 10.4272 10.4272 10.4648 10.4648 10.4648 10.4579 10.4579
10.4763 10.4763 10.4572 10.4572 10.4572 10.3721 10.3721 10.3721 10.3299 10.3299 10.3299 10.3038 10.3038 10.3038 10.2857 10.2857 10.2857 10.3072 10.3072 10.3072 10.3065 10.3065 10.3065 10.3068 10.3068 10.3068 10.3411 10.3411 10.3411 10.3026 10.3026 10.3026 10.2780 10.2780 10.2780 10.2727 10.2727 10.2727 10.2758 10.2758 10.2758 10.4710 10.4710 10.4710 10.4715 10.4715 10.4715 10.4713 10.4713 10.4713 10.4703 10.4703 10.4703 10.4697 10.4697 10.4697 10.4693 10.4693 10.4693 10.4686 10.4686 10.4686 10.4683 10.4683 10.4683 10.4671 10.4671
10.4763 10.4763 10.4572 10.4572 10.4572 10.3721 10.3721 10.3721 10.3299 10.3299 10.3299 10.3038 10.3038 10.3038 10.2857 10.2857 10.2857 10.3072 10.3072 10.3072 10.3065 10.3065 10.3065 10.3068 10.3068 10.3068 10.3411 10.3411 10.3411 10.3026 10.3026 10.3026 10.2780 10.2780 10.2780 10.2727 10.2727 10.2727 10.2758 10.2758 10.2758 10.4710 10.4710 10.4710 10.4715 10.4715 10.4715 10.4713 10.4713 10.4713 10.4703 10.4703 10.4703 10.4697 10.4697 10.4697 10.4693 10.4693 10.4693 10.4686 10.4686 10.4686 10.4683 10.4683 10.4683 10.4671 10.4671
10.4763 10.4763 10.4572 10.4572 10.4572 10.3721 10.3721 10.3721 10.3299 10.3299 10.3299 10.3038 10.3038 10.3038 10.2857 10.2857 10.2857 10.3072 10.3072 10.3072 10.3065 10.3065 10.3065 10.3068 10.3068 10.3068 10.3411 10.3411 10.3411 10.3026 10.3026 10.3026 10.2780 10.2780 10.2780 10.2727 10.2727 10.2727 10.2758 10.2758 10.2758 10.4710 10.4710 10.4710 10.4715 10.4715 10.4715 10.4713 10.4713 10.4713 10.4703 10.4703 10.4703 10.4697 10.4697 10.4697 10.4693 10.4693 10.4693 10.4686 10.4686 10.4686 10.4683 10.4683 10.4683 10.4671 10.4671
10.4790 10.4790 10.4777 10.4777 10.4777 10.4770 10.4770 10.4770 10.4764 10.4764 10.4764 10.4757 10.4757 10.4757 10.4751 10.4751 10.4751 10.4746 10.4746 10.4746 10.4742 10.4742 10.4742 10.4738 10.4738 10.4738 10.4736 10.4736 10.4736 10.4733 10.4733 10.4733 10.4732 10.4732 10.4732 10.4729 10.4729 10.4729 10.4727 10.4727 10.4727 10.4724 10.4724 10.4724 10.4722 10.4722 10.4722 10.4719 10.4719 10.4719 10.4714 10.4714 10.4714 10.4662 10.4662 10.4662 10.4294 10.4294 10.4294 10.3721 10.3721 10.3721 10.3210 10.3210 10.3210 10.3005 10.3005
10.4790 10.4790 10.4777 10.4777 10.4777 10.4770 10.4770 10.4770 10.4764 10.4764 10.4764 10.4757 10.4757 10.4757 10.4751 10.4751 10.4751 10.4746 10.4746 10.4746 10.4742 10.4742 10.4742 10.4738 10.4738 10.4738 10.4736 10.4736 10.4736 10.4733 10.4733 10.4733 10.4732 10.4732 10.4732 10.4729 10.4729 10.4729 10.4727 10.4727 10.4727 10.4724 10.4724 10.4724 10.4722 10.4722 10.4722 10.4719 10.4719 10.4719 10.4714 10.4714 10.4714 10.4662 10.4662 10.4662 10.4294 10.4294 10.4294 10.3721 10.3721 10.3721 10.3210 10.3210 10.3210 10.3005 10.3005
10.4790 10.4790 10.4777 10.4777 10.4777 10.4770 10.4770 10.4770 10.4764 10.4764 10.4764 10.4757 10.4757 10.4757 10.4751 10.4751 10.4751 10.4746 10.4746 10.4746 10.4742 10.4742 10.4742 10.4738 10.4738 10.4738 10.4736 10.4736 10.4736 10.4733 10.4733 10.4733 10.4732 10.4732 10.4732 10.4729 10.4729 10.4729 10.4727 10.4727 10.4727 10.4724 10.4724 10.4724 10.4722 10.4722 10.4722 10.4719 10.4719 10.4719 10.4714 10.4714 10.4714 10.4662 10.4662 10.4662 10.4294 10.4294 10.4294 10.3721 10.3721 10.3721 10.3210 10.3210 10.3210 10.3005 10.3005
10.4780 10.4780 10.4775 10.4775 10.4775 10.4770 10.4770 10.4770 10.4766 10.4766 10.4766 10.4757 10.4757 10.4757 10.4752 10.4752 10.4752 10.4749 10.4749 10.4749 10.4746 10.4746 10.4746 10.4743 10.4743 10.4743 10.4741 10.4741 10.4741 10.4739 10.4739 10.4739 10.4735 10.4735 10.4735 10.3411 10.3411 10.3411 10.3023 10.3023 10.3023 10.2830 10.2830 10.2830 10.2753 10.2753 10.2753 10.2689 10.2689 10.2689 10.2692 10.2692 10.2692 10.3074 10.3074 10.3074 10.3087 10.3087 10.3087 10.3116 10.3116 10.3116 10.3088 10.3088 10.3088 10.3083 10.3083
10.4780 10.4780 10.4775 10.4775 10.4775 10.4770 10.4770 10.4770 10.4766 10.4766 10.4766 10.4757 10.4757 10.4757 10.4752 10.4752 10.4752 10.4749 10.4749 10.4749 10.4746 10.4746 10.4746 10.4743 10.4743 10.4743 10.4741 10.4741 10.4741 10.4739 10.4739 10.4739 10.4735 10.4735 10.4735 10.3411 10.3411 10.3411 10.3023 10.3023 10.3023 10.2830 10.2830 10.2830 10.2753 10.2753 10.2753 10.2689 10.2689 10.2689 10.2692 10.2692 10.2692 10.3074 10.3074 10.3074 10.3087 10.3087 10.3087 10.3116 10.3116 10.3116 10.3088 10.3088 10.3088 10.3083 10.3083
10.4780 10.4780 10.4775 10.4775 10.4775 10.4770 10.4770 10.4770 10.4766 10.4766 10.4766 10.4757 10.4757 10.4757 10.4752 10.4752 10.4752 10.4749 10.4749 10.4749 10.4746 10.4746 10.4746 10.4743 10.4743 10.4743 10.4741 10.4741 10.4741 10.4739 10.4739 10.4739 10.4735 10.4735 10.4735 10.3411 10.3411 10.3411 10.3023 10.3023 10.3023 10.2830 10.2830 10.2830 10.2753 10.2753 10.2753 10.2689 10.2689 10.2689 10.2692 10.2692 10.2692 10.3074 10.3074 10.3074 10.3087 10.3087 10.3087 10.3116 10.3116 10.3116 10.3088 10.3088 10.3088 10.3083 10.3083
0.0000 0.0000 10.3088 10.3088 10.3088 10.3984 10.3984 10.3984 10.4704 10.4704 10.4704 10.4644 10.4644 10.4644 10.3681 10.3681 10.3681 10.3095 10.3095 10.3095 10.3099 10.3099 10.3099 10.3118 10.3118 10.3118 10.3124 10.3124 10.3124 10.3126 10.3126 10.3126 10.3126 10.3126 10.3126 10.3109 10.3109 10.3109 10.3108 10.3108 10.3108 10.3088 10.3088 10.3088 10.3121 10.3121 10.3121 10.3128 10.3128 10.3128 10.3128 10.3128 10.3128 10.3126 10.3126 10.3126 10.3116 10.3116 10.3116 10.3095 10.3095 10.3095 10.3089 10.3089 10.3089 10.3081 10.3081
0.0000 0.0000 10.3088 10.3088 10.3088 10.3984 10.3984 10.3984 10.4704 10.4704 10.4704 10.4644 10.4644 10.4644 10.3681 10.3681 10.3681 10.3095 10.3095 10.3095 10.3099 10.3099 10.3099 10.3118 10.3118 10.3118 10.3124 10.3124 10.3124 10.3126 10.3126 10.3126 10.3126 10.3126 10.3126 10.3109 10.3109 10.3109 10.3108 10.3108 10.3108 10.3088 10.3088 10.3088 10.3121 10.3121 10.3121 10.3128 10.3128 10.3128 10.3128 10.3128 10.3128 10.3126 10.3126 10.3126 10.3116 10.3116 10.3116 10.3095 10.3095 10.3095 10.3089 10.3089 10.3089 10.3081 10.3081
0.0000 0.0000 10.3088 10.3088 10.3088 10.3984 10.3984 10.3984 10.4704 10.4704 10.4704 10.4644 10.4644 10.4644 10.3681 10.3681 10.3681 10.3095 10.3095 10.3095 10.3099 10.3099 10.3099 10.3118 10.3118 10.3118 10.3124 10.3124 10.3124 10.3126 10.3126 10.3126 10.3126 10.3126 10.3126 10.3109 10.3109 10.3109 10.3108 10.3108 10.3108 10.3088 10.3088 10.3088 10.3121 10.3121 10.3121 10.3128 10.3128 10.3128 10.3128 10.3128 10.3128 10.3126 10.3126 10.3126 10.3116 10.3116 10.3116 10.3095 10.3095 10.3095 10.3089 10.3089 10.3089 10.3081 10.3081
NaN NaN NaN NaN NaN NaN NaN NaN NaN NaN NaN NaN NaN NaN NaN NaN NaN NaN NaN NaN NaN NaN NaN NaN NaN NaN NaN NaN NaN NaN NaN NaN NaN NaN NaN NaN NaN NaN NaN NaN NaN NaN NaN NaN NaN NaN NaN NaN NaN NaN NaN NaN NaN NaN NaN NaN NaN NaN NaN NaN NaN NaN NaN NaN NaN NaN NaN
