tool_adapters/Deltares_HABITAT/example_maps/Tenryuu_river/standard_maps/oxygen_concentration_watercolumn_ascending_min.asc
ncols          735
nrows          17
xllcorner      -61262.8867
yllcorner      -118292.6406
cellsize       25
[rows 0 to 16 of 17, columns 603 to 669 of 735]
NaN NaN NaN NaN NaN NaN NaN NaN NaN NaN NaN NaN NaN NaN NaN NaN NaN NaN NaN NaN NaN NaN NaN NaN NaN NaN NaN NaN NaN NaN NaN NaN NaN NaN NaN NaN NaN NaN NaN NaN NaN NaN NaN NaN NaN NaN NaN NaN NaN NaN NaN NaN NaN NaN NaN NaN NaN NaN NaN NaN NaN NaN NaN NaN NaN NaN NaN
11.7308 11.7308 11.7307 11.7307 11.7307 11.7309 11.7309 11.7309 11.7310 11.7310 11.7310 11.7310 11.7310 11.7310 11.7303 11.7303 11.7303 11.7292 11.7292 11.7292 11.7279 11.7279 11.7279 11.7088 11.7088 11.7088 11.7096 11.7096 11.7096 11.7059 11.7059 11.7059 11.6967 11.6967 11.6967 11.6946 11.6946 11.6946 11.6933 11.6933 11.6933 11.6944 11.6944 11.6944 11.6950 11.6950 11.6950 11.6978 11.6978 11.6978 11.7663 11.7663 11.7663 11.7186 11.7186 11.7186 11.7079 11.7079 11.7079 11.7363 11.7363 11.7363 11.7693 11.7693 11.7693 11.7568 11.7568
11.7308 11.7308 11.7307 11.7307 11.7307 11.7309 11.7309 11.7309 11.7310 11.7310 11.7310 11.7310 11.7310 11.7310 11.7303 11.7303 11.7303 11.7292 11.7292 11.7292 11.7279 11.7279 11.7279 11.7088 11.7088 11.7088 11.7096 11.7096 11.7096 11.7059 11.7059 11.7059 11.6967 11.6967 11.6967 11.6946 11.6946 11.6946 11.6933 11.6933 11.6933 11.6944 11.6944 11.6944 11.6950 11.6950 11.6950 11.6978 11.6978 11.6978 11.7663 11.7663 11.7663 11.7186 11.7186 11.7186 11.7079 11.7079 11.7079 11.7363 11.7363 11.7363 11.7693 11.7693 11.7693 11.7568 11.7568
11.7308 11.7308 11.7307 11.7307 11.7307 11.7309 11.7309 11.7309 11.7310 11.7310 11.7310 11.7310 11.7310 11.7310 11.7303 11.7303 11.7303 11.7292 11.7292 11.7292 11.7279 11.7279 11.7279 11.7088 11.7088 11.7088 11.7096 11.7096 11.7096 11.7059 11.7059 11.7059 11.6967 11.6967 11.6967 11.6946 11.6946 11.6946 11.6933 11.6933 11.6933 11.6944 11.6944 11.6944 11.6950 11.6950 11.6950 11.6978 11.6978 11.6978 11.7663 11.7663 11.7663 11.7186 11.7186 11.7186 11.7079 11.7079 11.7079 11.7363 11.7363 11.7363 11.7693 11.7693 11.7693 11.7568 11.7568
11.7226 11.7226 11.7223 11.7223 11.7223 11.7223 11.7223 11.7223 11.7223 11.7223 11.7223 11.7225 11.7225 11.7225 11.7223 11.7223 11.7223 11.7269 11.7269 11.7269 11.7259 11.7259 11.7259 11.7262 11.7262 11.7262 11.7302 11.7302 11.7302 11.7093 11.7093 11.7093 11.6982 11.6982 11.6982 11.6948 11.6948 11.6948 11.6950 11.6950 11.6950 11.7780 11.7780 11.7780 11.7801 11.7801 11.7801 11.7799 11.7799 11.7799 11.7790 11.7790 11.7790 11.7786 11.7786 11.7786 11.7783 11.7783 11.7783 11.7779 11.7779 11.7779 11.7778 11.7778 11.7778 11.7765 11.7765
11.7226 11.7226 11.7223 11.7223 11.7223 11.7223 11.7223 11.7223 11.7223 11.7223 11.7223 11.7225 11.7225 11.7225 11.7223 11.7223 11.7223 11.7269 11.7269 11.7269 11.7259 11.7259 11.7259 11.7262 11.7262 11.7262 11.7302 11.7302 11.7302 11.7093 11.7093 11.7093 11.6982 11.6982 11.6982 11.6948 11.6948 11.6948 11.6950 11.6950 11.6950 11.7780 11.7780 11.7780 11.7801 11.7801 11.7801 11.7799 11.7799 11.7799 11.7790 11.7790 11.7790 11.7786 11.7786 11.7786 11.7783 11.7783 11.7783 11.7779 11.7779 11.7779 11.7778 11.7778 11.7778 11.7765 11.7765
11.7226 11.7226 11.7223 11.7223 11.7223 11.7223 11.7223 11.7223 11.7223 11.7223 11.7223 11.7225 11.7225 11.7225 11.7223 11.7223 11.7223 11.7269 11.7269 11.7269 11.7259 11.7259 11.7259 11.7262 11.7262 11.7262 11.7302 11.7302 11.7302 11.7093 11.7093 11.7093 11.6982 11.6982 11.6982 11.6948 11.6948 11.6948 11.6950 11.6950 11.6950 11.7780 11.7780 11.7780 11.7801 11.7801 11.7801 11.7799 11.7799 11.7799 11.7790 11.7790 11.7790 11.7786 11.7786 11.7786 11.7783 11.7783 11.7783 11.7779 11.7779 11.7779 11.7778 11.7778 11.7778 11.7765 11.7765
11.7859 11.7859 11.7852 11.7852 11.7852 11.7846 11.7846 11.7846 11.7841 11.7841 11.7841 11.7836 11.7836 11.7836 11.7830 11.7830 11.7830 11.7824 11.7824 11.7824 11.7816 11.7816 11.7816 11.7815 11.7815 11.7815 11.7815 11.7815 11.7815 11.7815 11.7815 11.7815 11.7815 11.7815 11.7815 11.7813 11.7813 11.7813 11.7810 11.7810 11.7810 11.7808 11.7808 11.7808 11.7807 11.7807 11.7807 11.7804 11.7804 11.7804 11.7800 11.7800 11.7800 11.7255 11.7255 11.7255 11.7263 11.7263 11.7263 11.7265 11.7265 11.7265 11.7264 11.7264 11.7264 11.7264 11.7264
11.7859 11.7859 11.7852 11.7852 11.7852 11.7846 11.7846 11.7846 11.7841 11.7841 11.7841 11.7836 11.7836 11.7836 11.7830 11.7830 11.7830 11.7824 11.7824 11.7824 11.7816 11.7816 11.7816 11.7815 11.7815 11.7815 11.7815 11.7815 11.7815 11.7815 11.7815 11.7815 11.7815 11.7815 11.7815 11.7813 11.7813 11.7813 11.7810 11.7810 11.7810 11.7808 11.7808 11.7808 11.7807 11.7807 11.7807 11.7804 11.7804 11.7804 11.7800 11.7800 11.7800 11.7255 11.7255 11.7255 11.7263 11.7263 11.7263 11.7265 11.7265 11.7265 11.7264 11.7264 11.7264 11.7264 11.7264
11.7859 11.7859 11.7852 11.7852 11.7852 11.7846 11.7846 11.7846 11.7841 11.7841 11.7841 11.7836 11.7836 11.7836 11.7830 11.7830 11.7830 11.7824 11.7824 11.7824 11.7816 11.7816 11.7816 11.7815 11.7815 11.7815 11.7815 11.7815 11.7815 11.7815 11.7815 11.7815 11.7815 11.7815 11.7815 11.7813 11.7813 11.7813 11.7810 11.7810 11.7810 11.7808 11.7808 11.7808 11.7807 11.7807 11.7807 11.7804 11.7804 11.7804 11.7800 11.7800 11.7800 11.7255 11.7255 11.7255 11.7263 11.7263 11.7263 11.7265 11.7265 11.7265 11.7264 11.7264 11.7264 11.7264 11.7264
11.7857 11.7857 11.7852 11.7852 11.7852 11.7847 11.7847 11.7847 11.7843 11.7843 11.7843 11.7838 11.7838 11.7838 11.7833 11.7833 11.7833 11.7830 11.7830 11.7830 11.7827 11.7827 11.7827 11.7825 11.7825 11.7825 11.7824 11.7824 11.7824 11.7823 11.7823 11.7823 11.7819 11.7819 11.7819 11.7278 11.7278 11.7278 11.7105 11.7105 11.7105 11.7017 11.7017 11.7017 11.6982 11.6982 11.6982 11.6958 11.6958 11.6958 11.6965 11.6965 11.6965 11.7272 11.7272 11.7272 11.7289 11.7289 11.7289 11.7330 11.7330 11.7330 11.7291 11.7291 11.7291 11.7281 11.7281
11.7857 11.7857 11.7852 11.7852 11.7852 11.7847 11.7847 11.7847 11.7843 11.7843 11.7843 11.7838 11.7838 11.7838 11.7833 11.7833 11.7833 11.7830 11.7830 11.7830 11.7827 11.7827 11.7827 11.7825 11.7825 11.7825 11.7824 11.7824 11.7824 11.7823 11.7823 11.7823 11.7819 11.7819 11.7819 11.7278 11.7278 11.7278 11.7105 11.7105 11.7105 11.7017 11.7017 11.7017 11.6982 11.6982 11.6982 11.6958 11.6958 11.6958 11.6965 11.6965 11.6965 11.7272 11.7272 11.7272 11.7289 11.7289 11.7289 11.7330 11.7330 11.7330 11.7291 11.7291 11.7291 11.7281 11.7281
11.7857 11.7857 11.7852 11.7852 11.7852 11.7847 11.7847 11.7847 11.7843 11.7843 11.7843 11.7838 11.7838 11.7838 11.7833 11.7833 11.7833 11.7830 11.7830 11.7830 11.7827 11.7827 11.7827 11.7825 11.7825 11.7825 11.7824 11.7824 11.7824 11.7823 11.7823 11.7823 11.7819 11.7819 11.7819 11.7278 11.7278 11.7278 11.7105 11.7105 11.7105 11.7017 11.7017 11.7017 11.6982 11.6982 11.6982 11.6958 11.6958 11.6958 11.6965 11.6965 11.6965 11.7272 11.7272 11.7272 11.7289 11.7289 11.7289 11.7330 11.7330 11.7330 11.7291 11.7291 11.7291 11.7281 11.7281
0.0000 0.0000 11.7286 11.7286 11.7286 11.7137 11.7137 11.7137 11.7163 11.7163 11.7163 11.7208 11.7208 11.7208 11.7256 11.7256 11.7256 11.7299 11.7299 11.7299 11.7304 11.7304 11.7304 11.7329 11.7329 11.7329 11.7335 11.7335 11.7335 11.7339 11.7339 11.7339 11.7338 11.7338 11.7338 11.7318 11.7318 11.7318 11.7314 11.7314 11.7314 11.7290 11.7290 11.7290 11.7336 11.7336 11.7336 11.7344 11.7344 11.7344 11.7345 11.7345 11.7345 11.7342 11.7342 11.7342 11.7329 11.7329 11.7329 11.7300 11.7300 11.7300 11.7292 11.7292 11.7292 11.7280 11.7280
0.0000 0.0000 11.7286 11.7286 11.7286 11.7137 11.7137 11.7137 11.7163 11.7163 11.7163 11.7208 11.7208 11.7208 11.7256 11.7256 11.7256 11.7299 11.7299 11.7299 11.7304 11.7304 11.7304 11.7329 11.7329 11.7329 11.7335 11.7335 11.7335 11.7339 11.7339 11.7339 11.7338 11.7338 11.7338 11.7318 11.7318 11.7318 11.7314 11.7314 11.7314 11.7290 11.7290 11.7290 11.7336 11.7336 11.7336 11.7344 11.7344 11.7344 11.7345 11.7345 11.7345 11.7342 11.7342 11.7342 11.7329 11.7329 11.7329 11.7300 11.7300 11.7300 11.7292 11.7292 11.7292 11.7280 11.7280
0.0000 0.0000 11.7286 11.7286 11.7286 11.7137 11.7137 11.7137 11.7163 11.7163 11.7163 11.7208 11.7208 11.7208 11.7256 11.7256 11.7256 11.7299 11.7299 11.7299 11.7304 11.7304 11.7304 11.7329 11.7329 11.7329 11.7335 11.7335 11.7335 11.7339 11.7339 11.7339 11.7338 11.7338 11.7338 11.7318 11.7318 11.7318 11.7314 11.7314 11.7314 11.7290 11.7290 11.7290 11.7336 11.7336 11.7336 11.7344 11.7344 11.7344 11.7345 11.7345 11.7345 11.7342 11.7342 11.7342 11.7329 11.7329 11.7329 11.7300 11.7300 11.7300 11.7292 11.7292 11.7292 11.7280 11.7280
NaN NaN NaN NaN NaN NaN NaN NaN NaN NaN NaN NaN NaN NaN NaN NaN NaN NaN NaN NaN NaN NaN NaN NaN NaN NaN NaN NaN NaN NaN NaN NaN NaN NaN NaN NaN NaN NaN NaN NaN NaN NaN NaN NaN NaN NaN NaN NaN NaN NaN NaN NaN NaN NaN NaN NaN NaN NaN NaN NaN NaN NaN NaN NaN NaN NaN NaN
