tool_adapters/Deltares_HABITAT/example_maps/Tenryuu_river/standard_maps/oxygen_concentration_watercolumn_spawning_min.asc
ncols          735
nrows          17
xllcorner      -61262.8867
yllcorner      -118292.6406
cellsize       25
[rows 0 to 16 of 17, columns 639 to 709 of 735]
NaN NaN NaN NaN NaN NaN NaN NaN NaN NaN NaN NaN NaN NaN NaN NaN NaN NaN NaN NaN NaN NaN NaN NaN NaN NaN NaN NaN NaN NaN NaN NaN NaN NaN NaN NaN NaN NaN NaN NaN NaN NaN NaN NaN NaN NaN NaN NaN NaN NaN NaN NaN NaN NaN NaN NaN NaN NaN NaN NaN NaN NaN NaN NaN NaN NaN NaN NaN NaN NaN NaN
9.8785 9.8785 9.8965 9.8965 9.8965 9.9143 9.9143 9.9143 9.9302 9.9302 9.9302 9.9434 9.9434 9.9434 9.0743 9.0743 9.0743 9.3604 9.3604 9.3604 9.3203 9.3203 9.3203 9.2107 9.2107 9.2107 9.0614 9.0614 9.0614 9.1821 9.1821 9.1821 9.5086 9.5086 9.5086 10.0065 10.0065 10.0065 10.0084 10.0084 10.0084 10.0078 10.0078 10.0078 10.0075 10.0075 10.0075 10.0039 10.0039 10.0039 10.0038 10.0038 10.0038 10.0039 10.0039 10.0039 10.0038 10.0038 10.0038 10.0032 10.0032 10.0032 10.0027 10.0027 10.0027 10.0025 10.0025 10.0025 10.0025 10.0025 10.0025
9.8785 9.8785 9.8965 9.8965 9.8965 9.9143 9.9143 9.9143 9.9302 9.9302 9.9302 9.9434 9.9434 9.9434 9.0743 9.0743 9.0743 9.3604 9.3604 9.3604 9.3203 9.3203 9.3203 9.2107 9.2107 9.2107 9.0614 9.0614 9.0614 9.1821 9.1821 9.1821 9.5086 9.5086 9.5086 10.0065 10.0065 10.0065 10.0084 10.0084 10.0084 10.0078 10.0078 10.0078 10.0075 10.0075 10.0075 10.0039 10.0039 10.0039 10.0038 10.0038 10.0038 10.0039 10.0039 10.0039 10.0038 10.0038 10.0038 10.0032 10.0032 10.0032 10.0027 10.0027 10.0027 10.0025 10.0025 10.0025 10.0025 10.0025 10.0025
9.8785 9.8785 9.8965 9.8965 9.8965 9.9143 9.9143 9.9143 9.9302 9.9302 9.9302 9.9434 9.9434 9.9434 9.0743 9.0743 9.0743 9.3604 9.3604 9.3604 9.3203 9.3203 9.3203 9.2107 9.2107 9.2107 9.0614 9.0614 9.0614 9.1821 9.1821 9.1821 9.5086 9.5086 9.5086 10.0065 10.0065 10.0065 10.0084 10.0084 10.0084 10.0078 10.0078 10.0078 10.0075 10.0075 10.0075 10.0039 10.0039 10.0039 10.0038 10.0038 10.0038 10.0039 10.0039 10.0039 10.0038 10.0038 10.0038 10.0032 10.0032 10.0032 10.0027 10.0027 10.0027 10.0025 10.0025 10.0025 10.0025 10.0025 10.0025
9.8653 9.8653 9.8854 9.8854 9.8854 9.1044 9.1044 9.1044 9.0077 9.0077 9.0077 9.0054 9.0054 9.0054 9.0082 9.0082 9.0082 9.0088 9.0088 9.0088 9.0098 9.0098 9.0098 9.0107 9.0107 9.0107 9.0107 9.0107 9.0107 9.0171 9.0171 9.0171 9.0176 9.0176 9.0176 9.0180 9.0180 9.0180 9.0183 9.0183 9.0183 9.0185 9.0185 9.0185 9.0189 9.0189 9.0189 9.0205 9.0205 9.0205 9.0368 9.0368 9.0368 9.2757 9.2757 9.2757 9.7574 9.7574 9.7574 9.5998 9.5998 9.5998 9.4726 9.4726 9.4726 9.3813 9.3813 9.3813 9.2595 9.2595 9.2595
9.8653 9.8653 9.8854 9.8854 9.8854 9.1044 9.1044 9.1044 9.0077 9.0077 9.0077 9.0054 9.0054 9.0054 9.0082 9.0082 9.0082 9.0088 9.0088 9.0088 9.0098 9.0098 9.0098 9.0107 9.0107 9.0107 9.0107 9.0107 9.0107 9.0171 9.0171 9.0171 9.0176 9.0176 9.0176 9.0180 9.0180 9.0180 9.0183 9.0183 9.0183 9.0185 9.0185 9.0185 9.0189 9.0189 9.0189 9.0205 9.0205 9.0205 9.0368 9.0368 9.0368 9.2757 9.2757 9.2757 9.7574 9.7574 9.7574 9.5998 9.5998 9.5998 9.4726 9.4726 9.4726 9.3813 9.3813 9.3813 9.2595 9.2595 9.2595
9.8653 9.8653 9.8854 9.8854 9.8854 9.1044 9.1044 9.1044 9.0077 9.0077 9.0077 9.0054 9.0054 9.0054 9.0082 9.0082 9.0082 9.0088 9.0088 9.0088 9.0098 9.0098 9.0098 9.0107 9.0107 9.0107 9.0107 9.0107 9.0107 9.0171 9.0171 9.0171 9.0176 9.0176 9.0176 9.0180 9.0180 9.0180 9.0183 9.0183 9.0183 9.0185 9.0185 9.0185 9.0189 9.0189 9.0189 9.0205 9.0205 9.0205 9.0368 9.0368 9.0368 9.2757 9.2757 9.2757 9.7574 9.7574 9.7574 9.5998 9.5998 9.5998 9.4726 9.4726 9.4726 9.3813 9.3813 9.3813 9.2595 9.2595 9.2595
9.0008 9.0008 9.0014 9.0014 9.0014 9.0014 9.0014 9.0014 9.0016 9.0016 9.0016 9.0019 9.0019 9.0019 9.0095 9.0095 9.0095 10.0079 10.0079 10.0079 10.0060 10.0060 10.0060 10.0055 10.0055 10.0055 10.0060 10.0060 10.0060 10.0060 10.0060 10.0060 10.0061 10.0061 10.0061 10.0066 10.0066 10.0066 10.0085 10.0085 10.0085 9.0207 9.0207 9.0207 9.0198 9.0198 9.0198 9.0201 9.0201 9.0201 9.0211 9.0211 9.0211 9.0213 9.0213 9.0213 9.0217 9.0217 9.0217 9.0229 9.0229 9.0229 9.0237 9.0237 9.0237 9.0245 9.0245 9.0245 9.0252 9.0252 9.0252
9.0008 9.0008 9.0014 9.0014 9.0014 9.0014 9.0014 9.0014 9.0016 9.0016 9.0016 9.0019 9.0019 9.0019 9.0095 9.0095 9.0095 10.0079 10.0079 10.0079 10.0060 10.0060 10.0060 10.0055 10.0055 10.0055 10.0060 10.0060 10.0060 10.0060 10.0060 10.0060 10.0061 10.0061 10.0061 10.0066 10.0066 10.0066 10.0085 10.0085 10.0085 9.0207 9.0207 9.0207 9.0198 9.0198 9.0198 9.0201 9.0201 9.0201 9.0211 9.0211 9.0211 9.0213 9.0213 9.0213 9.0217 9.0217 9.0217 9.0229 9.0229 9.0229 9.0237 9.0237 9.0237 9.0245 9.0245 9.0245 9.0252 9.0252 9.0252
9.0008 9.0008 9.0014 9.0014 9.0014 9.0014 9.0014 9.0014 9.0016 9.0016 9.0016 9.0019 9.0019 9.0019 9.0095 9.0095 9.0095 10.0079 10.0079 10.0079 10.0060 10.0060 10.0060 10.0055 10.0055 10.0055 10.0060 10.0060 10.0060 10.0060 10.0060 10.0060 10.0061 10.0061 10.0061 10.0066 10.0066 10.0066 10.0085 10.0085 10.0085 9.0207 9.0207 9.0207 9.0198 9.0198 9.0198 9.0201 9.0201 9.0201 9.0211 9.0211 9.0211 9.0213 9.0213 9.0213 9.0217 9.0217 9.0217 9.0229 9.0229 9.0229 9.0237 9.0237 9.0237 9.0245 9.0245 9.0245 9.0252 9.0252 9.0252
9.5487 9.5487 9.7131 9.7131 9.7131 9.7961 9.7961 9.7961 9.8305 9.8305 9.8305 9.8764 9.8764 9.8764 9.8908 9.8908 9.8908 10.0084 10.0084 10.0084 10.0067 10.0067 10.0067 10.0042 10.0042 10.0042 10.0069 10.0069 10.0069 10.0077 10.0077 10.0077 10.0073 10.0073 10.0073 10.0068 10.0068 10.0068 10.0067 10.0067 10.0067 10.0059 10.0059 10.0059 10.0023 10.0023 10.0023 10.0021 10.0021 10.0021 9.0400 9.0400 9.0400 9.0241 9.0241 9.0241 9.0241 9.0241 9.0241 9.0249 9.0249 9.0249 9.0263 9.0263 9.0263 9.0285 9.0285 9.0285 9.0521 9.0521 9.0521
9.5487 9.5487 9.7131 9.7131 9.7131 9.7961 9.7961 9.7961 9.8305 9.8305 9.8305 9.8764 9.8764 9.8764 9.8908 9.8908 9.8908 10.0084 10.0084 10.0084 10.0067 10.0067 10.0067 10.0042 10.0042 10.0042 10.0069 10.0069 10.0069 10.0077 10.0077 10.0077 10.0073 10.0073 10.0073 10.0068 10.0068 10.0068 10.0067 10.0067 10.0067 10.0059 10.0059 10.0059 10.0023 10.0023 10.0023 10.0021 10.0021 10.0021 9.0400 9.0400 9.0400 9.0241 9.0241 9.0241 9.0241 9.0241 9.0241 9.0249 9.0249 9.0249 9.0263 9.0263 9.0263 9.0285 9.0285 9.0285 9.0521 9.0521 9.0521
9.5487 9.5487 9.7131 9.7131 9.7131 9.7961 9.7961 9.7961 9.8305 9.8305 9.8305 9.8764 9.8764 9.8764 9.8908 9.8908 9.8908 10.0084 10.0084 10.0084 10.0067 10.0067 10.0067 10.0042 10.0042 10.0042 10.0069 10.0069 10.0069 10.0077 10.0077 10.0077 10.0073 10.0073 10.0073 10.0068 10.0068 10.0068 10.0067 10.0067 10.0067 10.0059 10.0059 10.0059 10.0023 10.0023 10.0023 10.0021 10.0021 10.0021 9.0400 9.0400 9.0400 9.0241 9.0241 9.0241 9.0241 9.0241 9.0241 9.0249 9.0249 9.0249 9.0263 9.0263 9.0263 9.0285 9.0285 9.0285 9.0521 9.0521 9.0521
10.0048 10.0048 10.0050 10.0050 10.0050 10.0071 10.0071 10.0071 10.0030 10.0030 10.0030 10.0024 10.0024 10.0024 10.0023 10.0023 10.0023 10.0026 10.0026 10.0026 10.0037 10.0037 10.0037 10.0061 10.0061 10.0061 10.0068 10.0068 10.0068 10.0077 10.0077 10.0077 10.0073 10.0073 10.0073 10.0067 10.0067 10.0067 10.0063 10.0063 10.0063 10.0059 10.0059 10.0059 10.0051 10.0051 10.0051 10.0037 10.0037 10.0037 9.9969 9.9969 9.9969 10.0010 10.0010 10.0010 10.0004 10.0004 10.0004 10.0003 10.0003 10.0003 10.0042 10.0042 10.0042 10.0047 10.0047 10.0047 10.0060 10.0060 10.0060
10.0048 10.0048 10.0050 10.0050 10.0050 10.0071 10.0071 10.0071 10.0030 10.0030 10.0030 10.0024 10.0024 10.0024 10.0023 10.0023 10.0023 10.0026 10.0026 10.0026 10.0037 10.0037 10.0037 10.0061 10.0061 10.0061 10.0068 10.0068 10.0068 10.0077 10.0077 10.0077 10.0073 10.0073 10.0073 10.0067 10.0067 10.0067 10.0063 10.0063 10.0063 10.0059 10.0059 10.0059 10.0051 10.0051 10.0051 10.0037 10.0037 10.0037 9.9969 9.9969 9.9969 10.0010 10.0010 10.0010 10.0004 10.0004 10.0004 10.0003 10.0003 10.0003 10.0042 10.0042 10.0042 10.0047 10.0047 10.0047 10.0060 10.0060 10.0060
10.0048 10.0048 10.0050 10.0050 10.0050 10.0071 10.0071 10.0071 10.0030 10.0030 10.0030 10.0024 10.0024 10.0024 10.0023 10.0023 10.0023 10.0026 10.0026 10.0026 10.0037 10.0037 10.0037 10.0061 10.0061 10.0061 10.0068 10.0068 10.0068 10.0077 10.0077 10.0077 10.0073 10.0073 10.0073 10.0067 10.0067 10.0067 10.0063 10.0063 10.0063 10.0059 10.0059 10.0059 10.0051 10.0051 10.0051 10.0037 10.0037 10.0037 9.9969 9.9969 9.9969 10.0010 10.0010 10.0010 10.0004 10.0004 10.0004 10.0003 10.0003 10.0003 10.0042 10.0042 10.0042 10.0047 10.0047 10.0047 10.0060 10.0060 10.0060
NaN NaN NaN NaN NaN NaN NaN NaN NaN NaN NaN NaN NaN NaN NaN NaN NaN NaN NaN NaN NaN NaN NaN NaN NaN NaN NaN NaN NaN NaN NaN NaN NaN NaN NaN NaN NaN NaN NaN NaN NaN NaN NaN NaN NaN NaN NaN NaN NaN NaN NaN NaN NaN NaN NaN NaN NaN NaN NaN NaN NaN NaN NaN NaN NaN NaN NaN NaN NaN NaN NaN
