tool_adapters/Deltares_HABITAT/example_maps/Tenryuu_river/standard_maps/oxygen_concentration_watercolumn_feeding_min.asc
ncols          735
nrows          17
xllcorner      -61262.8867
yllcorner      -118292.6406
cellsize       25
[rows 0 to 16 of 17, columns 536 to 602 of 735]
NaN NaN NaN NaN NaN NaN NaN NaN NaN NaN NaN NaN NaN NaN NaN NaN NaN NaN NaN NaN NaN NaN NaN NaN NaN NaN NaN NaN NaN NaN NaN NaN NaN NaN NaN NaN NaN NaN NaN NaN NaN NaN NaN NaN NaN NaN NaN NaN NaN NaN NaN NaN NaN NaN NaN NaN NaN NaN NaN NaN NaN NaN NaN NaN NaN NaN NaN
10.3616 10.3616 10.3616 10.3066 10.3066 10.3066 10.4180 10.4180 10.4180 10.4498 10.4498 10.4498 10.4487 10.4487 10.4487 10.4048 10.4048 10.4048 10.3841 10.3841 10.3841 10.3671 10.3671 10.3671 10.3576 10.3576 10.3576 10.3537 10.3537 10.3537 10.4334 10.4334 10.4334 10.4472 10.4472 10.4472 10.4705 10.4705 10.4705 10.4748 10.4748 10.4748 10.4755 10.4755 10.4755 10.4705 10.4705 10.4705 10.3090 10.3090 10.3090 10.3091 10.3091 10.3091 10.3090 10.3090 10.3090 10.3091 10.3091 10.3091 10.3089 10.3089 10.3089 10.3091 10.3091 10.3091 10.3101
10.3616 10.3616 10.3616 10.3066 10.3066 10.3066 10.4180 10.4180 10.4180 10.4498 10.4498 10.4498 10.4487 10.4487 10.4487 10.4048 10.4048 10.4048 10.3841 10.3841 10.3841 10.3671 10.3671 10.3671 10.3576 10.3576 10.3576 10.3537 10.3537 10.3537 10.4334 10.4334 10.4334 10.4472 10.4472 10.4472 10.4705 10.4705 10.4705 10.4748 10.4748 10.4748 10.4755 10.4755 10.4755 10.4705 10.4705 10.4705 10.3090 10.3090 10.3090 10.3091 10.3091 10.3091 10.3090 10.3090 10.3090 10.3091 10.3091 10.3091 10.3089 10.3089 10.3089 10.3091 10.3091 10.3091 10.3101
10.3616 10.3616 10.3616 10.3066 10.3066 10.3066 10.4180 10.4180 10.4180 10.4498 10.4498 10.4498 10.4487 10.4487 10.4487 10.4048 10.4048 10.4048 10.3841 10.3841 10.3841 10.3671 10.3671 10.3671 10.3576 10.3576 10.3576 10.3537 10.3537 10.3537 10.4334 10.4334 10.4334 10.4472 10.4472 10.4472 10.4705 10.4705 10.4705 10.4748 10.4748 10.4748 10.4755 10.4755 10.4755 10.4705 10.4705 10.4705 10.3090 10.3090 10.3090 10.3091 10.3091 10.3091 10.3090 10.3090 10.3090 10.3091 10.3091 10.3091 10.3089 10.3089 10.3089 10.3091 10.3091 10.3091 10.3101
10.4838 10.4838 10.4838 10.4836 10.4836 10.4836 10.4839 10.4839 10.4839 10.4832 10.4832 10.4832 10.4829 10.4829 10.4829 10.4828 10.4828 10.4828 10.4827 10.4827 10.4827 10.4830 10.4830 10.4830 10.4829 10.4829 10.4829 10.4830 10.4830 10.4830 10.4828 10.4828 10.4828 10.4829 10.4829 10.4829 10.4825 10.4825 10.4825 10.4823 10.4823 10.4823 10.4821 10.4821 10.4821 10.4816 10.4816 10.4816 10.4812 10.4812 10.4812 10.4808 10.4808 10.4808 10.4804 10.4804 10.4804 10.4801 10.4801 10.4801 10.4796 10.4796 10.4796 10.4781 10.4781 10.4781 10.4763
10.4838 10.4838 10.4838 10.4836 10.4836 10.4836 10.4839 10.4839 10.4839 10.4832 10.4832 10.4832 10.4829 10.4829 10.4829 10.4828 10.4828 10.4828 10.4827 10.4827 10.4827 10.4830 10.4830 10.4830 10.4829 10.4829 10.4829 10.4830 10.4830 10.4830 10.4828 10.4828 10.4828 10.4829 10.4829 10.4829 10.4825 10.4825 10.4825 10.4823 10.4823 10.4823 10.4821 10.4821 10.4821 10.4816 10.4816 10.4816 10.4812 10.4812 10.4812 10.4808 10.4808 10.4808 10.4804 10.4804 10.4804 10.4801 10.4801 10.4801 10.4796 10.4796 10.4796 10.4781 10.4781 10.4781 10.4763
10.4838 10.4838 10.4838 10.4836 10.4836 10.4836 10.4839 10.4839 10.4839 10.4832 10.4832 10.4832 10.4829 10.4829 10.4829 10.4828 10.4828 10.4828 10.4827 10.4827 10.4827 10.4830 10.4830 10.4830 10.4829 10.4829 10.4829 10.4830 10.4830 10.4830 10.4828 10.4828 10.4828 10.4829 10.4829 10.4829 10.4825 10.4825 10.4825 10.4823 10.4823 10.4823 10.4821 10.4821 10.4821 10.4816 10.4816 10.4816 10.4812 10.4812 10.4812 10.4808 10.4808 10.4808 10.4804 10.4804 10.4804 10.4801 10.4801 10.4801 10.4796 10.4796 10.4796 10.4781 10.4781 10.4781 10.4763
10.4847 10.4847 10.4847 10.4847 10.4847 10.4847 10.4846 10.4846 10.4846 10.4846 10.4846 10.4846 10.4846 10.4846 10.4846 10.4846 10.4846 10.4846 10.4847 10.4847 10.4847 10.4844 10.4844 10.4844 10.4845 10.4845 10.4845 10.4842 10.4842 10.4842 10.4841 10.4841 10.4841 10.4840 10.4840 10.4840 10.4835 10.4835 10.4835 10.4833 10.4833 10.4833 10.4829 10.4829 10.4829 10.4824 10.4824 10.4824 10.4820 10.4820 10.4820 10.4815 10.4815 10.4815 10.4805 10.4805 10.4805 10.4801 10.4801 10.4801 10.4798 10.4798 10.4798 10.4796 10.4796 10.4796 10.4790
10.4847 10.4847 10.4847 10.4847 10.4847 10.4847 10.4846 10.4846 10.4846 10.4846 10.4846 10.4846 10.4846 10.4846 10.4846 10.4846 10.4846 10.4846 10.4847 10.4847 10.4847 10.4844 10.4844 10.4844 10.4845 10.4845 10.4845 10.4842 10.4842 10.4842 10.4841 10.4841 10.4841 10.4840 10.4840 10.4840 10.4835 10.4835 10.4835 10.4833 10.4833 10.4833 10.4829 10.4829 10.4829 10.4824 10.4824 10.4824 10.4820 10.4820 10.4820 10.4815 10.4815 10.4815 10.4805 10.4805 10.4805 10.4801 10.4801 10.4801 10.4798 10.4798 10.4798 10.4796 10.4796 10.4796 10.4790
10.4847 10.4847 10.4847 10.4847 10.4847 10.4847 10.4846 10.4846 10.4846 10.4846 10.4846 10.4846 10.4846 10.4846 10.4846 10.4846 10.4846 10.4846 10.4847 10.4847 10.4847 10.4844 10.4844 10.4844 10.4845 10.4845 10.4845 10.4842 10.4842 10.4842 10.4841 10.4841 10.4841 10.4840 10.4840 10.4840 10.4835 10.4835 10.4835 10.4833 10.4833 10.4833 10.4829 10.4829 10.4829 10.4824 10.4824 10.4824 10.4820 10.4820 10.4820 10.4815 10.4815 10.4815 10.4805 10.4805 10.4805 10.4801 10.4801 10.4801 10.4798 10.4798 10.4798 10.4796 10.4796 10.4796 10.4790
10.4856 10.4856 10.4856 10.4853 10.4853 10.4853 10.4854 10.4854 10.4854 10.4851 10.4851 10.4851 10.4851 10.4851 10.4851 10.4848 10.4848 10.4848 10.4847 10.4847 10.4847 10.4846 10.4846 10.4846 10.4839 10.4839 10.4839 10.4833 10.4833 10.4833 0.0000 0.0000 0.0000 10.4788 10.4788 10.4788 10.3015 10.3015 10.3015 10.3015 10.3015 10.3015 10.4742 10.4742 10.4742 10.4641 10.4641 10.4641 10.3839 10.3839 10.3839 10.4815 10.4815 10.4815 10.4466 10.4466 10.4466 10.4289 10.4289 10.4289 10.4786 10.4786 10.4786 10.4786 10.4786 10.4786 10.4780
10.4856 10.4856 10.4856 10.4853 10.4853 10.4853 10.4854 10.4854 10.4854 10.4851 10.4851 10.4851 10.4851 10.4851 10.4851 10.4848 10.4848 10.4848 10.4847 10.4847 10.4847 10.4846 10.4846 10.4846 10.4839 10.4839 10.4839 10.4833 10.4833 10.4833 0.0000 0.0000 0.0000 10.4788 10.4788 10.4788 10.3015 10.3015 10.3015 10.3015 10.3015 10.3015 10.4742 10.4742 10.4742 10.4641 10.4641 10.4641 10.3839 10.3839 10.3839 10.4815 10.4815 10.4815 10.4466 10.4466 10.4466 10.4289 10.4289 10.4289 10.4786 10.4786 10.4786 10.4786 10.4786 10.4786 10.4780
10.4856 10.4856 10.4856 10.4853 10.4853 10.4853 10.4854 10.4854 10.4854 10.4851 10.4851 10.4851 10.4851 10.4851 10.4851 10.4848 10.4848 10.4848 10.4847 10.4847 10.4847 10.4846 10.4846 10.4846 10.4839 10.4839 10.4839 10.4833 10.4833 10.4833 0.0000 0.0000 0.0000 10.4788 10.4788 10.4788 10.3015 10.3015 10.3015 10.3015 10.3015 10.3015 10.4742 10.4742 10.4742 10.4641 10.4641 10.4641 10.3839 10.3839 10.3839 10.4815 10.4815 10.4815 10.4466 10.4466 10.4466 10.4289 10.4289 10.4289 10.4786 10.4786 10.4786 10.4786 10.4786 10.4786 10.4780
10.4860 10.4860 10.4860 10.4855 10.4855 10.4855 10.4834 10.4834 10.4834 10.4813 10.4813 10.4813 10.4767 10.4767 10.4767 10.4682 10.4682 10.4682 10.3612 10.3612 10.3612 10.3612 10.3612 10.3612 10.3060 10.3060 10.3060 10.3060 10.3060 10.3060 10.3068 10.3068 10.3068 10.3073 10.3073 10.3073 10.3142 10.3142 10.3142 10.2680 10.2680 10.2680 10.2696 10.2696 10.2696 10.2742 10.2742 10.2742 10.2867 10.2867 10.2867 10.3151 10.3151 10.3151 10.4207 10.4207 10.4207 10.4135 10.4135 10.4135 10.3064 10.3064 10.3064 10.3063 10.3063 10.3063 0.0000
10.4860 10.4860 10.4860 10.4855 10.4855 10.4855 10.4834 10.4834 10.4834 10.4813 10.4813 10.4813 10.4767 10.4767 10.4767 10.4682 10.4682 10.4682 10.3612 10.3612 10.3612 10.3612 10.3612 10.3612 10.3060 10.3060 10.3060 10.3060 10.3060 10.3060 10.3068 10.3068 10.3068 10.3073 10.3073 10.3073 10.3142 10.3142 10.3142 10.2680 10.2680 10.2680 10.2696 10.2696 10.2696 10.2742 10.2742 10.2742 10.2867 10.2867 10.2867 10.3151 10.3151 10.3151 10.4207 10.4207 10.4207 10.4135 10.4135 10.4135 10.3064 10.3064 10.3064 10.3063 10.3063 10.3063 0.0000
10.4860 10.4860 10.4860 10.4855 10.4855 10.4855 10.4834 10.4834 10.4834 10.4813 10.4813 10.4813 10.4767 10.4767 10.4767 10.4682 10.4682 10.4682 10.3612 10.3612 10.3612 10.3612 10.3612 10.3612 10.3060 10.3060 10.3060 10.3060 10.3060 10.3060 10.3068 10.3068 10.3068 10.3073 10.3073 10.3073 10.3142 10.3142 10.3142 10.2680 10.2680 10.2680 10.2696 10.2696 10.2696 10.2742 10.2742 10.2742 10.2867 10.2867 10.2867 10.3151 10.3151 10.3151 10.4207 10.4207 10.4207 10.4135 10.4135 10.4135 10.3064 10.3064 10.3064 10.3063 10.3063 10.3063 0.0000
NaN NaN NaN NaN NaN NaN NaN NaN NaN NaN NaN NaN NaN NaN NaN NaN NaN NaN NaN NaN NaN NaN NaN NaN NaN NaN NaN NaN NaN NaN NaN NaN NaN NaN NaN NaN NaN NaN NaN NaN NaN NaN NaN NaN NaN NaN NaN NaN NaN NaN NaN NaN NaN NaN NaN NaN NaN NaN NaN NaN NaN NaN NaN NaN NaN NaN NaN
