tool_adapters/Deltares_HABITAT/example_maps/Tenryuu_river/standard_maps/oxygen_concentration_watercolumn_spawning_min.asc
ncols          735
nrows          17
xllcorner      -61262.8867
yllcorner      -118292.6406
cellsize       25
[rows 0 to 16 of 17, columns 568 to 638 of 735]
NaN NaN NaN NaN NaN NaN NaN NaN NaN NaN NaN NaN NaN NaN NaN NaN NaN NaN NaN NaN NaN NaN NaN NaN NaN NaN NaN NaN NaN NaN NaN NaN NaN NaN NaN NaN NaN NaN NaN NaN NaN NaN NaN NaN NaN NaN NaN NaN NaN NaN NaN NaN NaN NaN NaN NaN NaN NaN NaN NaN NaN NaN NaN NaN NaN NaN NaN NaN NaN NaN NaN
10.0063 10.0064 10.0064 10.0064 10.0065 10.0065 10.0065 10.0073 10.0073 10.0073 10.0073 10.0073 10.0073 10.0089 10.0089 10.0089 10.0072 10.0072 10.0072 10.0070 10.0070 10.0070 10.0067 10.0067 10.0067 10.0068 10.0068 10.0068 10.0069 10.0069 10.0069 10.0069 10.0069 10.0069 10.0052 10.0052 10.0052 10.0055 10.0055 10.0055 10.0053 10.0053 10.0053 10.0060 10.0060 10.0060 10.0057 10.0057 10.0057 10.0055 10.0055 10.0055 10.0069 10.0069 10.0069 10.0075 10.0075 10.0075 9.8807 9.8807 9.8807 9.8400 9.8400 9.8400 9.9229 9.9229 9.9229 9.8624 9.8624 9.8624 9.8785
10.0063 10.0064 10.0064 10.0064 10.0065 10.0065 10.0065 10.0073 10.0073 10.0073 10.0073 10.0073 10.0073 10.0089 10.0089 10.0089 10.0072 10.0072 10.0072 10.0070 10.0070 10.0070 10.0067 10.0067 10.0067 10.0068 10.0068 10.0068 10.0069 10.0069 10.0069 10.0069 10.0069 10.0069 10.0052 10.0052 10.0052 10.0055 10.0055 10.0055 10.0053 10.0053 10.0053 10.0060 10.0060 10.0060 10.0057 10.0057 10.0057 10.0055 10.0055 10.0055 10.0069 10.0069 10.0069 10.0075 10.0075 10.0075 9.8807 9.8807 9.8807 9.8400 9.8400 9.8400 9.9229 9.9229 9.9229 9.8624 9.8624 9.8624 9.8785
10.0063 10.0064 10.0064 10.0064 10.0065 10.0065 10.0065 10.0073 10.0073 10.0073 10.0073 10.0073 10.0073 10.0089 10.0089 10.0089 10.0072 10.0072 10.0072 10.0070 10.0070 10.0070 10.0067 10.0067 10.0067 10.0068 10.0068 10.0068 10.0069 10.0069 10.0069 10.0069 10.0069 10.0069 10.0052 10.0052 10.0052 10.0055 10.0055 10.0055 10.0053 10.0053 10.0053 10.0060 10.0060 10.0060 10.0057 10.0057 10.0057 10.0055 10.0055 10.0055 10.0069 10.0069 10.0069 10.0075 10.0075 10.0075 9.8807 9.8807 9.8807 9.8400 9.8400 9.8400 9.9229 9.9229 9.9229 9.8624 9.8624 9.8624 9.8785
8.9804 8.9901 8.9901 8.9901 8.9835 8.9835 8.9835 8.9847 8.9847 8.9847 8.9844 8.9844 8.9844 8.9846 8.9846 8.9846 8.9847 8.9847 8.9847 8.9851 8.9851 8.9851 8.9860 8.9860 8.9860 8.9893 8.9893 8.9893 10.0098 10.0098 10.0098 10.0090 10.0090 10.0090 10.0080 10.0080 10.0080 10.0061 10.0061 10.0061 10.0061 10.0061 10.0061 10.0061 10.0061 10.0061 10.0065 10.0065 10.0065 10.0062 10.0062 10.0062 10.0085 10.0085 10.0085 10.0094 10.0094 10.0094 10.0091 10.0091 10.0091 9.6412 9.6412 9.6412 9.7322 9.7322 9.7322 9.8311 9.8311 9.8311 9.8653
8.9804 8.9901 8.9901 8.9901 8.9835 8.9835 8.9835 8.9847 8.9847 8.9847 8.9844 8.9844 8.9844 8.9846 8.9846 8.9846 8.9847 8.9847 8.9847 8.9851 8.9851 8.9851 8.9860 8.9860 8.9860 8.9893 8.9893 8.9893 10.0098 10.0098 10.0098 10.0090 10.0090 10.0090 10.0080 10.0080 10.0080 10.0061 10.0061 10.0061 10.0061 10.0061 10.0061 10.0061 10.0061 10.0061 10.0065 10.0065 10.0065 10.0062 10.0062 10.0062 10.0085 10.0085 10.0085 10.0094 10.0094 10.0094 10.0091 10.0091 10.0091 9.6412 9.6412 9.6412 9.7322 9.7322 9.7322 9.8311 9.8311 9.8311 9.8653
8.9804 8.9901 8.9901 8.9901 8.9835 8.9835 8.9835 8.9847 8.9847 8.9847 8.9844 8.9844 8.9844 8.9846 8.9846 8.9846 8.9847 8.9847 8.9847 8.9851 8.9851 8.9851 8.9860 8.9860 8.9860 8.9893 8.9893 8.9893 10.0098 10.0098 10.0098 10.0090 10.0090 10.0090 10.0080 10.0080 10.0080 10.0061 10.0061 10.0061 10.0061 10.0061 10.0061 10.0061 10.0061 10.0061 10.0065 10.0065 10.0065 10.0062 10.0062 10.0062 10.0085 10.0085 10.0085 10.0094 10.0094 10.0094 10.0091 10.0091 10.0091 9.6412 9.6412 9.6412 9.7322 9.7322 9.7322 9.8311 9.8311 9.8311 9.8653
8.9800 8.9807 8.9807 8.9807 8.9811 8.9811 8.9811 8.9814 8.9814 8.9814 8.9818 8.9818 8.9818 8.9822 8.9822 8.9822 8.9826 8.9826 8.9826 8.9833 8.9833 8.9833 8.9843 8.9843 8.9843 8.9857 8.9857 8.9857 8.9857 8.9857 8.9857 8.9858 8.9858 8.9858 8.9875 8.9875 8.9875 8.9892 8.9892 8.9892 8.9905 8.9905 8.9905 8.9919 8.9919 8.9919 8.9935 8.9935 8.9935 8.9962 8.9962 8.9962 9.0022 9.0022 9.0022 9.0230 9.0230 9.0230 9.0105 9.0105 9.0105 9.0024 9.0024 9.0024 9.0003 9.0003 9.0003 9.0002 9.0002 9.0002 9.0008
8.9800 8.9807 8.9807 8.9807 8.9811 8.9811 8.9811 8.9814 8.9814 8.9814 8.9818 8.9818 8.9818 8.9822 8.9822 8.9822 8.9826 8.9826 8.9826 8.9833 8.9833 8.9833 8.9843 8.9843 8.9843 8.9857 8.9857 8.9857 8.9857 8.9857 8.9857 8.9858 8.9858 8.9858 8.9875 8.9875 8.9875 8.9892 8.9892 8.9892 8.9905 8.9905 8.9905 8.9919 8.9919 8.9919 8.9935 8.9935 8.9935 8.9962 8.9962 8.9962 9.0022 9.0022 9.0022 9.0230 9.0230 9.0230 9.0105 9.0105 9.0105 9.0024 9.0024 9.0024 9.0003 9.0003 9.0003 9.0002 9.0002 9.0002 9.0008
8.9800 8.9807 8.9807 8.9807 8.9811 8.9811 8.9811 8.9814 8.9814 8.9814 8.9818 8.9818 8.9818 8.9822 8.9822 8.9822 8.9826 8.9826 8.9826 8.9833 8.9833 8.9833 8.9843 8.9843 8.9843 8.9857 8.9857 8.9857 8.9857 8.9857 8.9857 8.9858 8.9858 8.9858 8.9875 8.9875 8.9875 8.9892 8.9892 8.9892 8.9905 8.9905 8.9905 8.9919 8.9919 8.9919 8.9935 8.9935 8.9935 8.9962 8.9962 8.9962 9.0022 9.0022 9.0022 9.0230 9.0230 9.0230 9.0105 9.0105 9.0105 9.0024 9.0024 9.0024 9.0003 9.0003 9.0003 9.0002 9.0002 9.0002 9.0008
0.0000 10.0100 10.0100 10.0100 10.0101 10.0101 10.0101 10.0101 10.0101 10.0101 10.0099 10.0099 10.0099 10.0099 10.0099 10.0099 10.0099 10.0099 10.0099 10.0097 10.0097 10.0097 10.0030 10.0030 10.0030 10.0035 10.0035 10.0035 8.9939 8.9939 8.9939 8.9878 8.9878 8.9878 8.9878 8.9878 8.9878 8.9880 8.9880 8.9880 8.9884 8.9884 8.9884 8.9888 8.9888 8.9888 8.9892 8.9892 8.9892 8.9898 8.9898 8.9898 8.9910 8.9910 8.9910 8.9919 8.9919 8.9919 8.9921 8.9921 8.9921 8.9923 8.9923 8.9923 8.9927 8.9927 8.9927 8.9978 8.9978 8.9978 9.5487
0.0000 10.0100 10.0100 10.0100 10.0101 10.0101 10.0101 10.0101 10.0101 10.0101 10.0099 10.0099 10.0099 10.0099 10.0099 10.0099 10.0099 10.0099 10.0099 10.0097 10.0097 10.0097 10.0030 10.0030 10.0030 10.0035 10.0035 10.0035 8.9939 8.9939 8.9939 8.9878 8.9878 8.9878 8.9878 8.9878 8.9878 8.9880 8.9880 8.9880 8.9884 8.9884 8.9884 8.9888 8.9888 8.9888 8.9892 8.9892 8.9892 8.9898 8.9898 8.9898 8.9910 8.9910 8.9910 8.9919 8.9919 8.9919 8.9921 8.9921 8.9921 8.9923 8.9923 8.9923 8.9927 8.9927 8.9927 8.9978 8.9978 8.9978 9.5487
0.0000 10.0100 10.0100 10.0100 10.0101 10.0101 10.0101 10.0101 10.0101 10.0101 10.0099 10.0099 10.0099 10.0099 10.0099 10.0099 10.0099 10.0099 10.0099 10.0097 10.0097 10.0097 10.0030 10.0030 10.0030 10.0035 10.0035 10.0035 8.9939 8.9939 8.9939 8.9878 8.9878 8.9878 8.9878 8.9878 8.9878 8.9880 8.9880 8.9880 8.9884 8.9884 8.9884 8.9888 8.9888 8.9888 8.9892 8.9892 8.9892 8.9898 8.9898 8.9898 8.9910 8.9910 8.9910 8.9919 8.9919 8.9919 8.9921 8.9921 8.9921 8.9923 8.9923 8.9923 8.9927 8.9927 8.9927 8.9978 8.9978 8.9978 9.5487
10.0089 10.0087 10.0087 10.0087 10.0014 10.0014 10.0014 9.9991 9.9991 9.9991 9.9992 9.9992 9.9992 9.9994 9.9994 9.9994 10.0001 10.0001 10.0001 10.0013 10.0013 10.0013 10.0030 10.0030 10.0030 10.0038 10.0038 10.0038 10.0096 10.0096 10.0096 10.0096 10.0096 10.0096 0.0000 0.0000 0.0000 10.0072 10.0072 10.0072 9.9901 9.9901 9.9901 9.9989 9.9989 9.9989 10.0049 10.0049 10.0049 10.0078 10.0078 10.0078 10.0064 10.0064 10.0064 10.0059 10.0059 10.0059 10.0039 10.0039 10.0039 10.0035 10.0035 10.0035 10.0033 10.0033 10.0033 10.0034 10.0034 10.0034 10.0048
10.0089 10.0087 10.0087 10.0087 10.0014 10.0014 10.0014 9.9991 9.9991 9.9991 9.9992 9.9992 9.9992 9.9994 9.9994 9.9994 10.0001 10.0001 10.0001 10.0013 10.0013 10.0013 10.0030 10.0030 10.0030 10.0038 10.0038 10.0038 10.0096 10.0096 10.0096 10.0096 10.0096 10.0096 0.0000 0.0000 0.0000 10.0072 10.0072 10.0072 9.9901 9.9901 9.9901 9.9989 9.9989 9.9989 10.0049 10.0049 10.0049 10.0078 10.0078 10.0078 10.0064 10.0064 10.0064 10.0059 10.0059 10.0059 10.0039 10.0039 10.0039 10.0035 10.0035 10.0035 10.0033 10.0033 10.0033 10.0034 10.0034 10.0034 10.0048
10.0089 10.0087 10.0087 10.0087 10.0014 10.0014 10.0014 9.9991 9.9991 9.9991 9.9992 9.9992 9.9992 9.9994 9.9994 9.9994 10.0001 10.0001 10.0001 10.0013 10.0013 10.0013 10.0030 10.0030 10.0030 10.0038 10.0038 10.0038 10.0096 10.0096 10.0096 10.0096 10.0096 10.0096 0.0000 0.0000 0.0000 10.0072 10.0072 10.0072 9.9901 9.9901 9.9901 9.9989 9.9989 9.9989 10.0049 10.0049 10.0049 10.0078 10.0078 10.0078 10.0064 10.0064 10.0064 10.0059 10.0059 10.0059 10.0039 10.0039 10.0039 10.0035 10.0035 10.0035 10.0033 10.0033 10.0033 10.0034 10.0034 10.0034 10.0048
NaN NaN NaN NaN NaN NaN NaN NaN NaN NaN NaN NaN NaN NaN NaN NaN NaN NaN NaN NaN NaN NaN NaN NaN NaN NaN NaN NaN NaN NaN NaN NaN NaN NaN NaN NaN NaN NaN NaN NaN NaN NaN NaN NaN NaN NaN NaN NaN NaN NaN NaN NaN NaN NaN NaN NaN NaN NaN NaN NaN NaN NaN NaN NaN NaN NaN NaN NaN NaN NaN NaN
