tool_adapters/Deltares_HABITAT/example_maps/Tenryuu_river/standard_maps/oxygen_concentration_watercolumn_descending_min.asc
ncols          735
nrows          17
xllcorner      -61262.8867
yllcorner      -118292.6406
cellsize       25
[rows 0 to 16 of 17, columns 207 to 275 of 735]
NaN NaN NaN NaN NaN NaN NaN NaN NaN NaN NaN NaN NaN NaN NaN NaN NaN NaN NaN NaN NaN NaN NaN NaN NaN NaN NaN NaN NaN NaN NaN NaN NaN NaN NaN NaN NaN NaN NaN NaN NaN NaN NaN NaN NaN NaN NaN NaN NaN NaN NaN NaN NaN NaN NaN NaN NaN NaN NaN NaN NaN NaN NaN NaN NaN NaN NaN NaN NaN
10.2362 10.2362 10.2337 10.2337 10.2337 10.2316 10.2316 10.2316 10.2293 10.2293 10.2293 10.2269 10.2269 10.2269 10.2249 10.2249 10.2249 10.2232 10.2232 10.2232 10.2215 10.2215 10.2215 10.2196 10.2196 10.2196 10.2175 10.2175 10.2175 10.2155 10.2155 10.2155 10.2137 10.2137 10.2137 10.2123 10.2123 10.2123 10.2105 10.2105 10.2105 10.2083 10.2083 10.2083 10.2054 10.2054 10.2054 10.2023 10.2023 10.2023 10.1992 10.1992 10.1992 10.1963 10.1963 10.1963 10.1935 10.1935 10.1935 10.1906 10.1906 10.1906 10.1875 10.1875 10.1875 10.1843 10.1843 10.1843 10.1809
10.2362 10.2362 10.2337 10.2337 10.2337 10.2316 10.2316 10.2316 10.2293 10.2293 10.2293 10.2269 10.2269 10.2269 10.2249 10.2249 10.2249 10.2232 10.2232 10.2232 10.2215 10.2215 10.2215 10.2196 10.2196 10.2196 10.2175 10.2175 10.2175 10.2155 10.2155 10.2155 10.2137 10.2137 10.2137 10.2123 10.2123 10.2123 10.2105 10.2105 10.2105 10.2083 10.2083 10.2083 10.2054 10.2054 10.2054 10.2023 10.2023 10.2023 10.1992 10.1992 10.1992 10.1963 10.1963 10.1963 10.1935 10.1935 10.1935 10.1906 10.1906 10.1906 10.1875 10.1875 10.1875 10.1843 10.1843 10.1843 10.1809
10.2362 10.2362 10.2337 10.2337 10.2337 10.2316 10.2316 10.2316 10.2293 10.2293 10.2293 10.2269 10.2269 10.2269 10.2249 10.2249 10.2249 10.2232 10.2232 10.2232 10.2215 10.2215 10.2215 10.2196 10.2196 10.2196 10.2175 10.2175 10.2175 10.2155 10.2155 10.2155 10.2137 10.2137 10.2137 10.2123 10.2123 10.2123 10.2105 10.2105 10.2105 10.2083 10.2083 10.2083 10.2054 10.2054 10.2054 10.2023 10.2023 10.2023 10.1992 10.1992 10.1992 10.1963 10.1963 10.1963 10.1935 10.1935 10.1935 10.1906 10.1906 10.1906 10.1875 10.1875 10.1875 10.1843 10.1843 10.1843 10.1809
10.2359 10.2359 10.2334 10.2334 10.2334 10.2314 10.2314 10.2314 10.2293 10.2293 10.2293 10.2269 10.2269 10.2269 10.2249 10.2249 10.2249 10.2230 10.2230 10.2230 10.2212 10.2212 10.2212 10.2193 10.2193 10.2193 10.2173 10.2173 10.2173 10.2153 10.2153 10.2153 10.2135 10.2135 10.2135 10.2120 10.2120 10.2120 10.2103 10.2103 10.2103 10.2081 10.2081 10.2081 10.2056 10.2056 10.2056 10.2030 10.2030 10.2030 10.2005 10.2005 10.2005 10.1978 10.1978 10.1978 10.1951 10.1951 10.1951 10.1915 10.1915 10.1915 10.1873 10.1873 10.1873 10.1838 10.1838 10.1838 10.1797
10.2359 10.2359 10.2334 10.2334 10.2334 10.2314 10.2314 10.2314 10.2293 10.2293 10.2293 10.2269 10.2269 10.2269 10.2249 10.2249 10.2249 10.2230 10.2230 10.2230 10.2212 10.2212 10.2212 10.2193 10.2193 10.2193 10.2173 10.2173 10.2173 10.2153 10.2153 10.2153 10.2135 10.2135 10.2135 10.2120 10.2120 10.2120 10.2103 10.2103 10.2103 10.2081 10.2081 10.2081 10.2056 10.2056 10.2056 10.2030 10.2030 10.2030 10.2005 10.2005 10.2005 10.1978 10.1978 10.1978 10.1951 10.1951 10.1951 10.1915 10.1915 10.1915 10.1873 10.1873 10.1873 10.1838 10.1838 10.1838 10.1797
10.2359 10.2359 10.2334 10.2334 10.2334 10.2314 10.2314 10.2314 10.2293 10.2293 10.2293 10.2269 10.2269 10.2269 10.2249 10.2249 10.2249 10.2230 10.2230 10.2230 10.2212 10.2212 10.2212 10.2193 10.2193 10.2193 10.2173 10.2173 10.2173 10.2153 10.2153 10.2153 10.2135 10.2135 10.2135 10.2120 10.2120 10.2120 10.2103 10.2103 10.2103 10.2081 10.2081 10.2081 10.2056 10.2056 10.2056 10.2030 10.2030 10.2030 10.2005 10.2005 10.2005 10.1978 10.1978 10.1978 10.1951 10.1951 10.1951 10.1915 10.1915 10.1915 10.1873 10.1873 10.1873 10.1838 10.1838 10.1838 10.1797
10.2353 10.2353 10.2330 10.2330 10.2330 10.2311 10.2311 10.2311 10.2290 10.2290 10.2290 10.2266 10.2266 10.2266 10.2245 10.2245 10.2245 10.2226 10.2226 10.2226 10.2208 10.2208 10.2208 10.2190 10.2190 10.2190 10.2169 10.2169 10.2169 10.2149 10.2149 10.2149 10.2132 10.2132 10.2132 10.2116 10.2116 10.2116 10.2099 10.2099 10.2099 10.2077 10.2077 10.2077 10.2054 10.2054 10.2054 10.2031 10.2031 10.2031 10.2009 10.2009 10.2009 10.1983 10.1983 10.1983 10.1955 10.1955 10.1955 10.1915 10.1915 10.1915 10.1868 10.1868 10.1868 10.1824 10.1824 10.1824 10.1777
10.2353 10.2353 10.2330 10.2330 10.2330 10.2311 10.2311 10.2311 10.2290 10.2290 10.2290 10.2266 10.2266 10.2266 10.2245 10.2245 10.2245 10.2226 10.2226 10.2226 10.2208 10.2208 10.2208 10.2190 10.2190 10.2190 10.2169 10.2169 10.2169 10.2149 10.2149 10.2149 10.2132 10.2132 10.2132 10.2116 10.2116 10.2116 10.2099 10.2099 10.2099 10.2077 10.2077 10.2077 10.2054 10.2054 10.2054 10.2031 10.2031 10.2031 10.2009 10.2009 10.2009 10.1983 10.1983 10.1983 10.1955 10.1955 10.1955 10.1915 10.1915 10.1915 10.1868 10.1868 10.1868 10.1824 10.1824 10.1824 10.1777
10.2353 10.2353 10.2330 10.2330 10.2330 10.2311 10.2311 10.2311 10.2290 10.2290 10.2290 10.2266 10.2266 10.2266 10.2245 10.2245 10.2245 10.2226 10.2226 10.2226 10.2208 10.2208 10.2208 10.2190 10.2190 10.2190 10.2169 10.2169 10.2169 10.2149 10.2149 10.2149 10.2132 10.2132 10.2132 10.2116 10.2116 10.2116 10.2099 10.2099 10.2099 10.2077 10.2077 10.2077 10.2054 10.2054 10.2054 10.2031 10.2031 10.2031 10.2009 10.2009 10.2009 10.1983 10.1983 10.1983 10.1955 10.1955 10.1955 10.1915 10.1915 10.1915 10.1868 10.1868 10.1868 10.1824 10.1824 10.1824 10.1777
10.2379 10.2379 10.2358 10.2358 10.2358 10.2318 10.2318 10.2318 10.2295 10.2295 10.2295 10.2267 10.2267 10.2267 10.2243 10.2243 10.2243 10.2224 10.2224 10.2224 10.2205 10.2205 10.2205 10.2186 10.2186 10.2186 10.2165 10.2165 10.2165 10.2146 10.2146 10.2146 10.2129 10.2129 10.2129 10.2113 10.2113 10.2113 10.2095 10.2095 10.2095 10.2074 10.2074 10.2074 10.2052 10.2052 10.2052 10.2030 10.2030 10.2030 10.2009 10.2009 10.2009 10.1983 10.1983 10.1983 10.1953 10.1953 10.1953 10.1903 10.1903 10.1903 10.1853 10.1853 10.1853 10.1808 10.1808 10.1808 10.1758
10.2379 10.2379 10.2358 10.2358 10.2358 10.2318 10.2318 10.2318 10.2295 10.2295 10.2295 10.2267 10.2267 10.2267 10.2243 10.2243 10.2243 10.2224 10.2224 10.2224 10.2205 10.2205 10.2205 10.2186 10.2186 10.2186 10.2165 10.2165 10.2165 10.2146 10.2146 10.2146 10.2129 10.2129 10.2129 10.2113 10.2113 10.2113 10.2095 10.2095 10.2095 10.2074 10.2074 10.2074 10.2052 10.2052 10.2052 10.2030 10.2030 10.2030 10.2009 10.2009 10.2009 10.1983 10.1983 10.1983 10.1953 10.1953 10.1953 10.1903 10.1903 10.1903 10.1853 10.1853 10.1853 10.1808 10.1808 10.1808 10.1758
10.2379 10.2379 10.2358 10.2358 10.2358 10.2318 10.2318 10.2318 10.2295 10.2295 10.2295 10.2267 10.2267 10.2267 10.2243 10.2243 10.2243 10.2224 10.2224 10.2224 10.2205 10.2205 10.2205 10.2186 10.2186 10.2186 10.2165 10.2165 10.2165 10.2146 10.2146 10.2146 10.2129 10.2129 10.2129 10.2113 10.2113 10.2113 10.2095 10.2095 10.2095 10.2074 10.2074 10.2074 10.2052 10.2052 10.2052 10.2030 10.2030 10.2030 10.2009 10.2009 10.2009 10.1983 10.1983 10.1983 10.1953 10.1953 10.1953 10.1903 10.1903 10.1903 10.1853 10.1853 10.1853 10.1808 10.1808 10.1808 10.1758
10.2337 10.2337 10.2336 10.2336 10.2336 10.2334 10.2334 10.2334 10.2311 10.2311 10.2311 10.2276 10.2276 10.2276 10.2249 10.2249 10.2249 10.2227 10.2227 10.2227 10.2206 10.2206 10.2206 10.2185 10.2185 10.2185 10.2163 10.2163 10.2163 10.2144 10.2144 10.2144 10.2129 10.2129 10.2129 10.2114 10.2114 10.2114 10.2095 10.2095 10.2095 10.2074 10.2074 10.2074 10.2056 10.2056 10.2056 10.2044 10.2044 10.2044 10.2044 10.2044 10.2044 0.0000 0.0000 0.0000 0.0000 0.0000 0.0000 10.1870 10.1870 10.1870 10.1836 10.1836 10.1836 10.1795 10.1795 10.1795 10.1746
10.2337 10.2337 10.2336 10.2336 10.2336 10.2334 10.2334 10.2334 10.2311 10.2311 10.2311 10.2276 10.2276 10.2276 10.2249 10.2249 10.2249 10.2227 10.2227 10.2227 10.2206 10.2206 10.2206 10.2185 10.2185 10.2185 10.2163 10.2163 10.2163 10.2144 10.2144 10.2144 10.2129 10.2129 10.2129 10.2114 10.2114 10.2114 10.2095 10.2095 10.2095 10.2074 10.2074 10.2074 10.2056 10.2056 10.2056 10.2044 10.2044 10.2044 10.2044 10.2044 10.2044 0.0000 0.0000 0.0000 0.0000 0.0000 0.0000 10.1870 10.1870 10.1870 10.1836 10.1836 10.1836 10.1795 10.1795 10.1795 10.1746
10.2337 10.2337 10.2336 10.2336 10.2336 10.2334 10.2334 10.2334 10.2311 10.2311 10.2311 10.2276 10.2276 10.2276 10.2249 10.2249 10.2249 10.2227 10.2227 10.2227 10.2206 10.2206 10.2206 10.2185 10.2185 10.2185 10.2163 10.2163 10.2163 10.2144 10.2144 10.2144 10.2129 10.2129 10.2129 10.2114 10.2114 10.2114 10.2095 10.2095 10.2095 10.2074 10.2074 10.2074 10.2056 10.2056 10.2056 10.2044 10.2044 10.2044 10.2044 10.2044 10.2044 0.0000 0.0000 0.0000 0.0000 0.0000 0.0000 10.1870 10.1870 10.1870 10.1836 10.1836 10.1836 10.1795 10.1795 10.1795 10.1746
NaN NaN NaN NaN NaN NaN NaN NaN NaN NaN NaN NaN NaN NaN NaN NaN NaN NaN NaN NaN NaN NaN NaN NaN NaN NaN NaN NaN NaN NaN NaN NaN NaN NaN NaN NaN NaN NaN NaN NaN NaN NaN NaN NaN NaN NaN NaN NaN NaN NaN NaN NaN NaN NaN NaN NaN NaN NaN NaN NaN NaN NaN NaN NaN NaN NaN NaN NaN NaN
