tool_adapters/Deltares_HABITAT/example_maps/Tenryuu_river/standard_maps/oxygen_concentration_watercolumn_spawning_min.asc
ncols          735
nrows          17
xllcorner      -61262.8867
yllcorner      -118292.6406
cellsize       25
[rows 0 to 16 of 17, columns 355 to 425 of 735]
NaN NaN NaN NaN NaN NaN NaN NaN NaN NaN NaN NaN NaN NaN NaN NaN NaN NaN NaN NaN NaN NaN NaN NaN NaN NaN NaN NaN NaN NaN NaN NaN NaN NaN NaN NaN NaN NaN NaN NaN NaN NaN NaN NaN NaN NaN NaN NaN NaN NaN NaN NaN NaN NaN NaN NaN NaN NaN NaN NaN NaN NaN NaN NaN NaN NaN NaN NaN NaN NaN NaN
9.1747 9.1721 9.1721 9.1721 9.1694 9.1694 9.1694 9.1658 9.1658 9.1658 9.1622 9.1622 9.1622 9.1587 9.1587 9.1587 9.1551 9.1551 9.1551 9.1512 9.1512 9.1512 9.1473 9.1473 9.1473 9.1433 9.1433 9.1433 9.1386 9.1386 9.1386 9.1334 9.1334 9.1334 9.1280 9.1280 9.1280 9.1235 9.1235 9.1235 9.1200 9.1200 9.1200 9.1167 9.1167 9.1167 9.1135 9.1135 9.1135 9.1107 9.1107 9.1107 9.1075 9.1075 9.1075 9.1042 9.1042 9.1042 9.1012 9.1012 9.1012 9.0982 9.0982 9.0982 9.0951 9.0951 9.0951 9.0918 9.0918 9.0918 9.0883
9.1747 9.1721 9.1721 9.1721 9.1694 9.1694 9.1694 9.1658 9.1658 9.1658 9.1622 9.1622 9.1622 9.1587 9.1587 9.1587 9.1551 9.1551 9.1551 9.1512 9.1512 9.1512 9.1473 9.1473 9.1473 9.1433 9.1433 9.1433 9.1386 9.1386 9.1386 9.1334 9.1334 9.1334 9.1280 9.1280 9.1280 9.1235 9.1235 9.1235 9.1200 9.1200 9.1200 9.1167 9.1167 9.1167 9.1135 9.1135 9.1135 9.1107 9.1107 9.1107 9.1075 9.1075 9.1075 9.1042 9.1042 9.1042 9.1012 9.1012 9.1012 9.0982 9.0982 9.0982 9.0951 9.0951 9.0951 9.0918 9.0918 9.0918 9.0883
9.1747 9.1721 9.1721 9.1721 9.1694 9.1694 9.1694 9.1658 9.1658 9.1658 9.1622 9.1622 9.1622 9.1587 9.1587 9.1587 9.1551 9.1551 9.1551 9.1512 9.1512 9.1512 9.1473 9.1473 9.1473 9.1433 9.1433 9.1433 9.1386 9.1386 9.1386 9.1334 9.1334 9.1334 9.1280 9.1280 9.1280 9.1235 9.1235 9.1235 9.1200 9.1200 9.1200 9.1167 9.1167 9.1167 9.1135 9.1135 9.1135 9.1107 9.1107 9.1107 9.1075 9.1075 9.1075 9.1042 9.1042 9.1042 9.1012 9.1012 9.1012 9.0982 9.0982 9.0982 9.0951 9.0951 9.0951 9.0918 9.0918 9.0918 9.0883
9.1761 9.1732 9.1732 9.1732 9.1703 9.1703 9.1703 9.1671 9.1671 9.1671 9.1636 9.1636 9.1636 9.1601 9.1601 9.1601 9.1562 9.1562 9.1562 9.1522 9.1522 9.1522 9.1482 9.1482 9.1482 9.1436 9.1436 9.1436 9.1389 9.1389 9.1389 9.1338 9.1338 9.1338 9.1285 9.1285 9.1285 9.1239 9.1239 9.1239 9.1201 9.1201 9.1201 9.1166 9.1166 9.1166 9.1135 9.1135 9.1135 9.1103 9.1103 9.1103 9.1071 9.1071 9.1071 9.1039 9.1039 9.1039 9.1007 9.1007 9.1007 9.0976 9.0976 9.0976 9.0944 9.0944 9.0944 9.0911 9.0911 9.0911 9.0877
9.1761 9.1732 9.1732 9.1732 9.1703 9.1703 9.1703 9.1671 9.1671 9.1671 9.1636 9.1636 9.1636 9.1601 9.1601 9.1601 9.1562 9.1562 9.1562 9.1522 9.1522 9.1522 9.1482 9.1482 9.1482 9.1436 9.1436 9.1436 9.1389 9.1389 9.1389 9.1338 9.1338 9.1338 9.1285 9.1285 9.1285 9.1239 9.1239 9.1239 9.1201 9.1201 9.1201 9.1166 9.1166 9.1166 9.1135 9.1135 9.1135 9.1103 9.1103 9.1103 9.1071 9.1071 9.1071 9.1039 9.1039 9.1039 9.1007 9.1007 9.1007 9.0976 9.0976 9.0976 9.0944 9.0944 9.0944 9.0911 9.0911 9.0911 9.0877
9.1761 9.1732 9.1732 9.1732 9.1703 9.1703 9.1703 9.1671 9.1671 9.1671 9.1636 9.1636 9.1636 9.1601 9.1601 9.1601 9.1562 9.1562 9.1562 9.1522 9.1522 9.1522 9.1482 9.1482 9.1482 9.1436 9.1436 9.1436 9.1389 9.1389 9.1389 9.1338 9.1338 9.1338 9.1285 9.1285 9.1285 9.1239 9.1239 9.1239 9.1201 9.1201 9.1201 9.1166 9.1166 9.1166 9.1135 9.1135 9.1135 9.1103 9.1103 9.1103 9.1071 9.1071 9.1071 9.1039 9.1039 9.1039 9.1007 9.1007 9.1007 9.0976 9.0976 9.0976 9.0944 9.0944 9.0944 9.0911 9.0911 9.0911 9.0877
9.1782 9.1752 9.1752 9.1752 9.1726 9.1726 9.1726 9.1694 9.1694 9.1694 9.1659 9.1659 9.1659 9.1623 9.1623 9.1623 9.1581 9.1581 9.1581 9.1536 9.1536 9.1536 9.1496 9.1496 9.1496 9.1450 9.1450 9.1450 9.1401 9.1401 9.1401 9.1348 9.1348 9.1348 9.1295 9.1295 9.1295 9.1247 9.1247 9.1247 9.1206 9.1206 9.1206 9.1171 9.1171 9.1171 9.1134 9.1134 9.1134 9.1097 9.1097 9.1097 9.1063 9.1063 9.1063 9.1030 9.1030 9.1030 9.0996 9.0996 9.0996 9.0963 9.0963 9.0963 9.0930 9.0930 9.0930 9.0896 9.0896 9.0896 9.0862
9.1782 9.1752 9.1752 9.1752 9.1726 9.1726 9.1726 9.1694 9.1694 9.1694 9.1659 9.1659 9.1659 9.1623 9.1623 9.1623 9.1581 9.1581 9.1581 9.1536 9.1536 9.1536 9.1496 9.1496 9.1496 9.1450 9.1450 9.1450 9.1401 9.1401 9.1401 9.1348 9.1348 9.1348 9.1295 9.1295 9.1295 9.1247 9.1247 9.1247 9.1206 9.1206 9.1206 9.1171 9.1171 9.1171 9.1134 9.1134 9.1134 9.1097 9.1097 9.1097 9.1063 9.1063 9.1063 9.1030 9.1030 9.1030 9.0996 9.0996 9.0996 9.0963 9.0963 9.0963 9.0930 9.0930 9.0930 9.0896 9.0896 9.0896 9.0862
9.1782 9.1752 9.1752 9.1752 9.1726 9.1726 9.1726 9.1694 9.1694 9.1694 9.1659 9.1659 9.1659 9.1623 9.1623 9.1623 9.1581 9.1581 9.1581 9.1536 9.1536 9.1536 9.1496 9.1496 9.1496 9.1450 9.1450 9.1450 9.1401 9.1401 9.1401 9.1348 9.1348 9.1348 9.1295 9.1295 9.1295 9.1247 9.1247 9.1247 9.1206 9.1206 9.1206 9.1171 9.1171 9.1171 9.1134 9.1134 9.1134 9.1097 9.1097 9.1097 9.1063 9.1063 9.1063 9.1030 9.1030 9.1030 9.0996 9.0996 9.0996 9.0963 9.0963 9.0963 9.0930 9.0930 9.0930 9.0896 9.0896 9.0896 9.0862
9.1800 9.1767 9.1767 9.1767 9.1745 9.1745 9.1745 9.1715 9.1715 9.1715 9.1687 9.1687 9.1687 9.1652 9.1652 9.1652 9.1607 9.1607 9.1607 9.1553 9.1553 9.1553 9.1513 9.1513 9.1513 9.1467 9.1467 9.1467 9.1416 9.1416 9.1416 9.1363 9.1363 9.1363 9.1308 9.1308 9.1308 9.1258 9.1258 9.1258 9.1215 9.1215 9.1215 9.1178 9.1178 9.1178 9.1135 9.1135 9.1135 9.1091 9.1091 9.1091 9.1054 9.1054 9.1054 9.1019 9.1019 9.1019 9.0984 9.0984 9.0984 9.0949 9.0949 9.0949 9.0914 9.0914 9.0914 9.0878 9.0878 9.0878 9.0843
9.1800 9.1767 9.1767 9.1767 9.1745 9.1745 9.1745 9.1715 9.1715 9.1715 9.1687 9.1687 9.1687 9.1652 9.1652 9.1652 9.1607 9.1607 9.1607 9.1553 9.1553 9.1553 9.1513 9.1513 9.1513 9.1467 9.1467 9.1467 9.1416 9.1416 9.1416 9.1363 9.1363 9.1363 9.1308 9.1308 9.1308 9.1258 9.1258 9.1258 9.1215 9.1215 9.1215 9.1178 9.1178 9.1178 9.1135 9.1135 9.1135 9.1091 9.1091 9.1091 9.1054 9.1054 9.1054 9.1019 9.1019 9.1019 9.0984 9.0984 9.0984 9.0949 9.0949 9.0949 9.0914 9.0914 9.0914 9.0878 9.0878 9.0878 9.0843
9.1800 9.1767 9.1767 9.1767 9.1745 9.1745 9.1745 9.1715 9.1715 9.1715 9.1687 9.1687 9.1687 9.1652 9.1652 9.1652 9.1607 9.1607 9.1607 9.1553 9.1553 9.1553 9.1513 9.1513 9.1513 9.1467 9.1467 9.1467 9.1416 9.1416 9.1416 9.1363 9.1363 9.1363 9.1308 9.1308 9.1308 9.1258 9.1258 9.1258 9.1215 9.1215 9.1215 9.1178 9.1178 9.1178 9.1135 9.1135 9.1135 9.1091 9.1091 9.1091 9.1054 9.1054 9.1054 9.1019 9.1019 9.1019 9.0984 9.0984 9.0984 9.0949 9.0949 9.0949 9.0914 9.0914 9.0914 9.0878 9.0878 9.0878 9.0843
0.0000 9.1908 9.1908 9.1908 9.1841 9.1841 9.1841 9.1844 9.1844 9.1844 9.1813 9.1813 9.1813 0.0000 0.0000 0.0000 9.1677 9.1677 9.1677 9.1569 9.1569 9.1569 9.1536 9.1536 9.1536 9.1506 9.1506 9.1506 9.1468 9.1468 9.1468 9.1424 9.1424 9.1424 9.1327 9.1327 9.1327 9.1276 9.1276 9.1276 9.1237 9.1237 9.1237 9.1200 9.1200 9.1200 9.1144 9.1144 9.1144 9.1087 9.1087 9.1087 9.1047 9.1047 9.1047 9.1012 9.1012 9.1012 9.0973 9.0973 9.0973 9.0936 9.0936 9.0936 9.0899 9.0899 9.0899 9.0859 9.0859 9.0859 9.0822
0.0000 9.1908 9.1908 9.1908 9.1841 9.1841 9.1841 9.1844 9.1844 9.1844 9.1813 9.1813 9.1813 0.0000 0.0000 0.0000 9.1677 9.1677 9.1677 9.1569 9.1569 9.1569 9.1536 9.1536 9.1536 9.1506 9.1506 9.1506 9.1468 9.1468 9.1468 9.1424 9.1424 9.1424 9.1327 9.1327 9.1327 9.1276 9.1276 9.1276 9.1237 9.1237 9.1237 9.1200 9.1200 9.1200 9.1144 9.1144 9.1144 9.1087 9.1087 9.1087 9.1047 9.1047 9.1047 9.1012 9.1012 9.1012 9.0973 9.0973 9.0973 9.0936 9.0936 9.0936 9.0899 9.0899 9.0899 9.0859 9.0859 9.0859 9.0822
0.0000 9.1908 9.1908 9.1908 9.1841 9.1841 9.1841 9.1844 9.1844 9.1844 9.1813 9.1813 9.1813 0.0000 0.0000 0.0000 9.1677 9.1677 9.1677 9.1569 9.1569 9.1569 9.1536 9.1536 9.1536 9.1506 9.1506 9.1506 9.1468 9.1468 9.1468 9.1424 9.1424 9.1424 9.1327 9.1327 9.1327 9.1276 9.1276 9.1276 9.1237 9.1237 9.1237 9.1200 9.1200 9.1200 9.1144 9.1144 9.1144 9.1087 9.1087 9.1087 9.1047 9.1047 9.1047 9.1012 9.1012 9.1012 9.0973 9.0973 9.0973 9.0936 9.0936 9.0936 9.0899 9.0899 9.0899 9.0859 9.0859 9.0859 9.0822
NaN NaN NaN NaN NaN NaN NaN NaN NaN NaN NaN NaN NaN NaN NaN NaN NaN NaN NaN NaN NaN NaN NaN NaN NaN NaN NaN NaN NaN NaN NaN NaN NaN NaN NaN NaN NaN NaN NaN NaN NaN NaN NaN NaN NaN NaN NaN NaN NaN NaN NaN NaN NaN NaN NaN NaN NaN NaN NaN NaN NaN NaN NaN NaN NaN NaN NaN NaN NaN NaN NaN
