tool_adapters/Deltares_HABITAT/example_maps/Tenryuu_river/standard_maps/oxygen_concentration_watercolumn_ascending_min.asc
ncols          735
nrows          17
xllcorner      -61262.8867
yllcorner      -118292.6406
cellsize       25
[rows 0 to 16 of 17, columns 536 to 602 of 735]
NaN NaN NaN NaN NaN NaN NaN NaN NaN NaN NaN NaN NaN NaN NaN NaN NaN NaN NaN NaN NaN NaN NaN NaN NaN NaN NaN NaN NaN NaN NaN NaN NaN NaN NaN NaN NaN NaN NaN NaN NaN NaN NaN NaN NaN NaN NaN NaN NaN NaN NaN NaN NaN NaN NaN NaN NaN NaN NaN NaN NaN NaN NaN NaN NaN NaN NaN
11.7267 11.7267 11.7267 11.7270 11.7270 11.7270 11.7251 11.7251 11.7251 11.7288 11.7288 11.7288 11.7285 11.7285 11.7285 11.7224 11.7224 11.7224 11.7193 11.7193 11.7193 11.7165 11.7165 11.7165 11.7150 11.7150 11.7150 11.7146 11.7146 11.7146 11.7261 11.7261 11.7261 11.7261 11.7261 11.7261 11.7261 11.7261 11.7261 11.7251 11.7251 11.7251 11.7251 11.7251 11.7251 11.7236 11.7236 11.7236 11.7290 11.7290 11.7290 11.7291 11.7291 11.7291 11.7294 11.7294 11.7294 11.7294 11.7294 11.7294 11.7292 11.7292 11.7292 11.7292 11.7292 11.7292 11.7308
11.7267 11.7267 11.7267 11.7270 11.7270 11.7270 11.7251 11.7251 11.7251 11.7288 11.7288 11.7288 11.7285 11.7285 11.7285 11.7224 11.7224 11.7224 11.7193 11.7193 11.7193 11.7165 11.7165 11.7165 11.7150 11.7150 11.7150 11.7146 11.7146 11.7146 11.7261 11.7261 11.7261 11.7261 11.7261 11.7261 11.7261 11.7261 11.7261 11.7251 11.7251 11.7251 11.7251 11.7251 11.7251 11.7236 11.7236 11.7236 11.7290 11.7290 11.7290 11.7291 11.7291 11.7291 11.7294 11.7294 11.7294 11.7294 11.7294 11.7294 11.7292 11.7292 11.7292 11.7292 11.7292 11.7292 11.7308
11.7267 11.7267 11.7267 11.7270 11.7270 11.7270 11.7251 11.7251 11.7251 11.7288 11.7288 11.7288 11.7285 11.7285 11.7285 11.7224 11.7224 11.7224 11.7193 11.7193 11.7193 11.7165 11.7165 11.7165 11.7150 11.7150 11.7150 11.7146 11.7146 11.7146 11.7261 11.7261 11.7261 11.7261 11.7261 11.7261 11.7261 11.7261 11.7261 11.7251 11.7251 11.7251 11.7251 11.7251 11.7251 11.7236 11.7236 11.7236 11.7290 11.7290 11.7290 11.7291 11.7291 11.7291 11.7294 11.7294 11.7294 11.7294 11.7294 11.7294 11.7292 11.7292 11.7292 11.7292 11.7292 11.7292 11.7308
11.7894 11.7894 11.7894 11.7892 11.7892 11.7892 11.7886 11.7886 11.7886 11.7880 11.7880 11.7880 11.7874 11.7874 11.7874 11.7874 11.7874 11.7874 11.7881 11.7881 11.7881 11.7890 11.7890 11.7890 11.7893 11.7893 11.7893 11.7892 11.7892 11.7892 11.7892 11.7892 11.7892 11.7890 11.7890 11.7890 11.7888 11.7888 11.7888 11.7887 11.7887 11.7887 11.7885 11.7885 11.7885 11.7882 11.7882 11.7882 11.7879 11.7879 11.7879 11.7876 11.7876 11.7876 11.7872 11.7872 11.7872 11.7869 11.7869 11.7869 11.7625 11.7625 11.7625 11.7234 11.7234 11.7234 11.7226
11.7894 11.7894 11.7894 11.7892 11.7892 11.7892 11.7886 11.7886 11.7886 11.7880 11.7880 11.7880 11.7874 11.7874 11.7874 11.7874 11.7874 11.7874 11.7881 11.7881 11.7881 11.7890 11.7890 11.7890 11.7893 11.7893 11.7893 11.7892 11.7892 11.7892 11.7892 11.7892 11.7892 11.7890 11.7890 11.7890 11.7888 11.7888 11.7888 11.7887 11.7887 11.7887 11.7885 11.7885 11.7885 11.7882 11.7882 11.7882 11.7879 11.7879 11.7879 11.7876 11.7876 11.7876 11.7872 11.7872 11.7872 11.7869 11.7869 11.7869 11.7625 11.7625 11.7625 11.7234 11.7234 11.7234 11.7226
11.7894 11.7894 11.7894 11.7892 11.7892 11.7892 11.7886 11.7886 11.7886 11.7880 11.7880 11.7880 11.7874 11.7874 11.7874 11.7874 11.7874 11.7874 11.7881 11.7881 11.7881 11.7890 11.7890 11.7890 11.7893 11.7893 11.7893 11.7892 11.7892 11.7892 11.7892 11.7892 11.7892 11.7890 11.7890 11.7890 11.7888 11.7888 11.7888 11.7887 11.7887 11.7887 11.7885 11.7885 11.7885 11.7882 11.7882 11.7882 11.7879 11.7879 11.7879 11.7876 11.7876 11.7876 11.7872 11.7872 11.7872 11.7869 11.7869 11.7869 11.7625 11.7625 11.7625 11.7234 11.7234 11.7234 11.7226
11.7903 11.7903 11.7903 11.7903 11.7903 11.7903 11.7902 11.7902 11.7902 11.7902 11.7902 11.7902 11.7901 11.7901 11.7901 11.7902 11.7902 11.7902 11.7900 11.7900 11.7900 11.7901 11.7901 11.7901 11.7899 11.7899 11.7899 11.7899 11.7899 11.7899 11.7898 11.7898 11.7898 11.7896 11.7896 11.7896 11.7894 11.7894 11.7894 11.7892 11.7892 11.7892 11.7889 11.7889 11.7889 11.7886 11.7886 11.7886 11.7883 11.7883 11.7883 11.7878 11.7878 11.7878 11.7874 11.7874 11.7874 11.7871 11.7871 11.7871 11.7869 11.7869 11.7869 11.7867 11.7867 11.7867 11.7859
11.7903 11.7903 11.7903 11.7903 11.7903 11.7903 11.7902 11.7902 11.7902 11.7902 11.7902 11.7902 11.7901 11.7901 11.7901 11.7902 11.7902 11.7902 11.7900 11.7900 11.7900 11.7901 11.7901 11.7901 11.7899 11.7899 11.7899 11.7899 11.7899 11.7899 11.7898 11.7898 11.7898 11.7896 11.7896 11.7896 11.7894 11.7894 11.7894 11.7892 11.7892 11.7892 11.7889 11.7889 11.7889 11.7886 11.7886 11.7886 11.7883 11.7883 11.7883 11.7878 11.7878 11.7878 11.7874 11.7874 11.7874 11.7871 11.7871 11.7871 11.7869 11.7869 11.7869 11.7867 11.7867 11.7867 11.7859
11.7903 11.7903 11.7903 11.7903 11.7903 11.7903 11.7902 11.7902 11.7902 11.7902 11.7902 11.7902 11.7901 11.7901 11.7901 11.7902 11.7902 11.7902 11.7900 11.7900 11.7900 11.7901 11.7901 11.7901 11.7899 11.7899 11.7899 11.7899 11.7899 11.7899 11.7898 11.7898 11.7898 11.7896 11.7896 11.7896 11.7894 11.7894 11.7894 11.7892 11.7892 11.7892 11.7889 11.7889 11.7889 11.7886 11.7886 11.7886 11.7883 11.7883 11.7883 11.7878 11.7878 11.7878 11.7874 11.7874 11.7874 11.7871 11.7871 11.7871 11.7869 11.7869 11.7869 11.7867 11.7867 11.7867 11.7859
11.7907 11.7907 11.7907 11.7906 11.7906 11.7906 11.7905 11.7905 11.7905 11.7905 11.7905 11.7905 11.7904 11.7904 11.7904 11.7903 11.7903 11.7903 11.7892 11.7892 11.7892 11.7865 11.7865 11.7865 11.7829 11.7829 11.7829 11.7793 11.7793 11.7793 0.0000 0.0000 0.0000 11.7245 11.7245 11.7245 11.7248 11.7248 11.7248 11.7249 11.7249 11.7249 11.7245 11.7245 11.7245 11.7246 11.7246 11.7246 11.7246 11.7246 11.7246 11.7238 11.7238 11.7238 11.7199 11.7199 11.7199 11.7201 11.7201 11.7201 11.7864 11.7864 11.7864 11.7862 11.7862 11.7862 11.7857
11.7907 11.7907 11.7907 11.7906 11.7906 11.7906 11.7905 11.7905 11.7905 11.7905 11.7905 11.7905 11.7904 11.7904 11.7904 11.7903 11.7903 11.7903 11.7892 11.7892 11.7892 11.7865 11.7865 11.7865 11.7829 11.7829 11.7829 11.7793 11.7793 11.7793 0.0000 0.0000 0.0000 11.7245 11.7245 11.7245 11.7248 11.7248 11.7248 11.7249 11.7249 11.7249 11.7245 11.7245 11.7245 11.7246 11.7246 11.7246 11.7246 11.7246 11.7246 11.7238 11.7238 11.7238 11.7199 11.7199 11.7199 11.7201 11.7201 11.7201 11.7864 11.7864 11.7864 11.7862 11.7862 11.7862 11.7857
11.7907 11.7907 11.7907 11.7906 11.7906 11.7906 11.7905 11.7905 11.7905 11.7905 11.7905 11.7905 11.7904 11.7904 11.7904 11.7903 11.7903 11.7903 11.7892 11.7892 11.7892 11.7865 11.7865 11.7865 11.7829 11.7829 11.7829 11.7793 11.7793 11.7793 0.0000 0.0000 0.0000 11.7245 11.7245 11.7245 11.7248 11.7248 11.7248 11.7249 11.7249 11.7249 11.7245 11.7245 11.7245 11.7246 11.7246 11.7246 11.7246 11.7246 11.7246 11.7238 11.7238 11.7238 11.7199 11.7199 11.7199 11.7201 11.7201 11.7201 11.7864 11.7864 11.7864 11.7862 11.7862 11.7862 11.7857
11.7827 11.7827 11.7827 11.7736 11.7736 11.7736 11.7684 11.7684 11.7684 11.7234 11.7234 11.7234 11.7246 11.7246 11.7246 11.7246 11.7246 11.7246 11.7250 11.7250 11.7250 11.7250 11.7250 11.7250 11.7258 11.7258 11.7258 11.7259 11.7259 11.7259 11.7262 11.7262 11.7262 11.7267 11.7267 11.7267 11.7356 11.7356 11.7356 11.7178 11.7178 11.7178 11.7178 11.7178 11.7178 11.7179 11.7179 11.7179 11.7183 11.7183 11.7183 11.7189 11.7189 11.7189 11.7199 11.7199 11.7199 11.7203 11.7203 11.7203 11.7256 11.7256 11.7256 11.7256 11.7256 11.7256 0.0000
11.7827 11.7827 11.7827 11.7736 11.7736 11.7736 11.7684 11.7684 11.7684 11.7234 11.7234 11.7234 11.7246 11.7246 11.7246 11.7246 11.7246 11.7246 11.7250 11.7250 11.7250 11.7250 11.7250 11.7250 11.7258 11.7258 11.7258 11.7259 11.7259 11.7259 11.7262 11.7262 11.7262 11.7267 11.7267 11.7267 11.7356 11.7356 11.7356 11.7178 11.7178 11.7178 11.7178 11.7178 11.7178 11.7179 11.7179 11.7179 11.7183 11.7183 11.7183 11.7189 11.7189 11.7189 11.7199 11.7199 11.7199 11.7203 11.7203 11.7203 11.7256 11.7256 11.7256 11.7256 11.7256 11.7256 0.0000
11.7827 11.7827 11.7827 11.7736 11.7736 11.7736 11.7684 11.7684 11.7684 11.7234 11.7234 11.7234 11.7246 11.7246 11.7246 11.7246 11.7246 11.7246 11.7250 11.7250 11.7250 11.7250 11.7250 11.7250 11.7258 11.7258 11.7258 11.7259 11.7259 11.7259 11.7262 11.7262 11.7262 11.7267 11.7267 11.7267 11.7356 11.7356 11.7356 11.7178 11.7178 11.7178 11.7178 11.7178 11.7178 11.7179 11.7179 11.7179 11.7183 11.7183 11.7183 11.7189 11.7189 11.7189 11.7199 11.7199 11.7199 11.7203 11.7203 11.7203 11.7256 11.7256 11.7256 11.7256 11.7256 11.7256 0.0000
NaN NaN NaN NaN NaN NaN NaN NaN NaN NaN NaN NaN NaN NaN NaN NaN NaN NaN NaN NaN NaN NaN NaN NaN NaN NaN NaN NaN NaN NaN NaN NaN NaN NaN NaN NaN NaN NaN NaN NaN NaN NaN NaN NaN NaN NaN NaN NaN NaN NaN NaN NaN NaN NaN NaN NaN NaN NaN NaN NaN NaN NaN NaN NaN NaN NaN NaN
