tool_adapters/Deltares_HABITAT/example_maps/Tenryuu_river/standard_maps/oxygen_concentration_watercolumn_descending_min.asc
ncols          735
nrows          17
xllcorner      -61262.8867
yllcorner      -118292.6406
cellsize       25
[rows 0 to 16 of 17, columns 0 to 68 of 735]
NaN NaN NaN NaN NaN NaN NaN NaN NaN NaN NaN NaN NaN NaN NaN NaN NaN NaN NaN NaN NaN NaN NaN NaN NaN NaN NaN NaN NaN NaN NaN NaN NaN NaN NaN NaN NaN NaN NaN NaN NaN NaN NaN NaN NaN NaN NaN NaN NaN NaN NaN NaN NaN NaN NaN NaN NaN NaN NaN NaN NaN NaN NaN NaN NaN NaN NaN NaN NaN
NaN 10.2997 10.2997 10.2997 10.2997 0.0000 0.0000 0.0000 0.0000 0.0000 0.0000 0.0000 0.0000 0.0000 0.0000 0.0000 0.0000 0.0000 0.0000 0.0000 10.5251 10.5251 10.5251 10.5222 10.5222 10.5222 0.0000 0.0000 0.0000 10.5453 10.5453 10.5453 10.5452 10.5452 10.5452 10.5452 10.5452 10.5452 0.0000 0.0000 0.0000 10.5454 10.5454 10.5454 10.5454 10.5454 10.5454 10.5454 10.5454 10.5454 10.5454 10.5454 10.5454 10.5451 10.5451 10.5451 10.5453 10.5453 10.5453 10.2949 10.2949 10.2949 10.2942 10.2942 10.2942 10.2939 10.2939 10.2939 10.2938
NaN 10.2997 10.2997 10.2997 10.2997 0.0000 0.0000 0.0000 0.0000 0.0000 0.0000 0.0000 0.0000 0.0000 0.0000 0.0000 0.0000 0.0000 0.0000 0.0000 10.5251 10.5251 10.5251 10.5222 10.5222 10.5222 0.0000 0.0000 0.0000 10.5453 10.5453 10.5453 10.5452 10.5452 10.5452 10.5452 10.5452 10.5452 0.0000 0.0000 0.0000 10.5454 10.5454 10.5454 10.5454 10.5454 10.5454 10.5454 10.5454 10.5454 10.5454 10.5454 10.5454 10.5451 10.5451 10.5451 10.5453 10.5453 10.5453 10.2949 10.2949 10.2949 10.2942 10.2942 10.2942 10.2939 10.2939 10.2939 10.2938
NaN 10.2997 10.2997 10.2997 10.2997 0.0000 0.0000 0.0000 0.0000 0.0000 0.0000 0.0000 0.0000 0.0000 0.0000 0.0000 0.0000 0.0000 0.0000 0.0000 10.5251 10.5251 10.5251 10.5222 10.5222 10.5222 0.0000 0.0000 0.0000 10.5453 10.5453 10.5453 10.5452 10.5452 10.5452 10.5452 10.5452 10.5452 0.0000 0.0000 0.0000 10.5454 10.5454 10.5454 10.5454 10.5454 10.5454 10.5454 10.5454 10.5454 10.5454 10.5454 10.5454 10.5451 10.5451 10.5451 10.5453 10.5453 10.5453 10.2949 10.2949 10.2949 10.2942 10.2942 10.2942 10.2939 10.2939 10.2939 10.2938
NaN 10.2987 10.2987 10.2987 10.2987 10.2988 10.2988 10.2988 10.2994 10.2994 10.2994 0.0000 0.0000 0.0000 0.0000 0.0000 0.0000 10.4079 10.4079 10.4079 0.0000 0.0000 0.0000 10.4903 10.4903 10.4903 10.4439 10.4439 10.4439 10.3054 10.3054 10.3054 10.3011 10.3011 10.3011 10.2985 10.2985 10.2985 10.2973 10.2973 10.2973 10.2963 10.2963 10.2963 10.2957 10.2957 10.2957 10.2952 10.2952 10.2952 10.2948 10.2948 10.2948 10.2944 10.2944 10.2944 10.2941 10.2941 10.2941 10.2939 10.2939 10.2939 10.2939 10.2939 10.2939 10.2939 10.2939 10.2939 10.2942
NaN 10.2987 10.2987 10.2987 10.2987 10.2988 10.2988 10.2988 10.2994 10.2994 10.2994 0.0000 0.0000 0.0000 0.0000 0.0000 0.0000 10.4079 10.4079 10.4079 0.0000 0.0000 0.0000 10.4903 10.4903 10.4903 10.4439 10.4439 10.4439 10.3054 10.3054 10.3054 10.3011 10.3011 10.3011 10.2985 10.2985 10.2985 10.2973 10.2973 10.2973 10.2963 10.2963 10.2963 10.2957 10.2957 10.2957 10.2952 10.2952 10.2952 10.2948 10.2948 10.2948 10.2944 10.2944 10.2944 10.2941 10.2941 10.2941 10.2939 10.2939 10.2939 10.2939 10.2939 10.2939 10.2939 10.2939 10.2939 10.2942
NaN 10.2987 10.2987 10.2987 10.2987 10.2988 10.2988 10.2988 10.2994 10.2994 10.2994 0.0000 0.0000 0.0000 0.0000 0.0000 0.0000 10.4079 10.4079 10.4079 0.0000 0.0000 0.0000 10.4903 10.4903 10.4903 10.4439 10.4439 10.4439 10.3054 10.3054 10.3054 10.3011 10.3011 10.3011 10.2985 10.2985 10.2985 10.2973 10.2973 10.2973 10.2963 10.2963 10.2963 10.2957 10.2957 10.2957 10.2952 10.2952 10.2952 10.2948 10.2948 10.2948 10.2944 10.2944 10.2944 10.2941 10.2941 10.2941 10.2939 10.2939 10.2939 10.2939 10.2939 10.2939 10.2939 10.2939 10.2939 10.2942
NaN 10.2985 10.2985 10.2985 10.2985 10.2984 10.2984 10.2984 10.2983 10.2983 10.2983 10.2983 10.2983 10.2983 10.2984 10.2984 10.2984 10.2986 10.2986 10.2986 10.3036 10.3036 10.3036 10.2984 10.2984 10.2984 10.2971 10.2971 10.2971 10.2967 10.2967 10.2967 10.2964 10.2964 10.2964 10.2961 10.2961 10.2961 10.2958 10.2958 10.2958 10.2955 10.2955 10.2955 10.2952 10.2952 10.2952 10.2950 10.2950 10.2950 10.2947 10.2947 10.2947 10.2945 10.2945 10.2945 10.2945 10.2945 10.2945 10.2951 10.2951 10.2951 0.0000 0.0000 0.0000 10.4805 10.4805 10.4805 10.4346
NaN 10.2985 10.2985 10.2985 10.2985 10.2984 10.2984 10.2984 10.2983 10.2983 10.2983 10.2983 10.2983 10.2983 10.2984 10.2984 10.2984 10.2986 10.2986 10.2986 10.3036 10.3036 10.3036 10.2984 10.2984 10.2984 10.2971 10.2971 10.2971 10.2967 10.2967 10.2967 10.2964 10.2964 10.2964 10.2961 10.2961 10.2961 10.2958 10.2958 10.2958 10.2955 10.2955 10.2955 10.2952 10.2952 10.2952 10.2950 10.2950 10.2950 10.2947 10.2947 10.2947 10.2945 10.2945 10.2945 10.2945 10.2945 10.2945 10.2951 10.2951 10.2951 0.0000 0.0000 0.0000 10.4805 10.4805 10.4805 10.4346
NaN 10.2985 10.2985 10.2985 10.2985 10.2984 10.2984 10.2984 10.2983 10.2983 10.2983 10.2983 10.2983 10.2983 10.2984 10.2984 10.2984 10.2986 10.2986 10.2986 10.3036 10.3036 10.3036 10.2984 10.2984 10.2984 10.2971 10.2971 10.2971 10.2967 10.2967 10.2967 10.2964 10.2964 10.2964 10.2961 10.2961 10.2961 10.2958 10.2958 10.2958 10.2955 10.2955 10.2955 10.2952 10.2952 10.2952 10.2950 10.2950 10.2950 10.2947 10.2947 10.2947 10.2945 10.2945 10.2945 10.2945 10.2945 10.2945 10.2951 10.2951 10.2951 0.0000 0.0000 0.0000 10.4805 10.4805 10.4805 10.4346
NaN 10.2990 10.2990 10.2990 10.2990 10.2984 10.2984 10.2984 10.2981 10.2981 10.2981 10.2980 10.2980 10.2980 10.2979 10.2979 10.2979 10.2978 10.2978 10.2978 10.2975 10.2975 10.2975 10.2973 10.2973 10.2973 10.2970 10.2970 10.2970 10.2968 10.2968 10.2968 10.2965 10.2965 10.2965 10.2962 10.2962 10.2962 10.2959 10.2959 10.2959 10.2957 10.2957 10.2957 10.2955 10.2955 10.2955 10.2952 10.2952 10.2952 10.2950 10.2950 10.2950 10.2959 10.2959 10.2959 0.0000 0.0000 0.0000 0.0000 0.0000 0.0000 0.0000 0.0000 0.0000 10.5446 10.5446 10.5446 10.5444
NaN 10.2990 10.2990 10.2990 10.2990 10.2984 10.2984 10.2984 10.2981 10.2981 10.2981 10.2980 10.2980 10.2980 10.2979 10.2979 10.2979 10.2978 10.2978 10.2978 10.2975 10.2975 10.2975 10.2973 10.2973 10.2973 10.2970 10.2970 10.2970 10.2968 10.2968 10.2968 10.2965 10.2965 10.2965 10.2962 10.2962 10.2962 10.2959 10.2959 10.2959 10.2957 10.2957 10.2957 10.2955 10.2955 10.2955 10.2952 10.2952 10.2952 10.2950 10.2950 10.2950 10.2959 10.2959 10.2959 0.0000 0.0000 0.0000 0.0000 0.0000 0.0000 0.0000 0.0000 0.0000 10.5446 10.5446 10.5446 10.5444
NaN 10.2990 10.2990 10.2990 10.2990 10.2984 10.2984 10.2984 10.2981 10.2981 10.2981 10.2980 10.2980 10.2980 10.2979 10.2979 10.2979 10.2978 10.2978 10.2978 10.2975 10.2975 10.2975 10.2973 10.2973 10.2973 10.2970 10.2970 10.2970 10.2968 10.2968 10.2968 10.2965 10.2965 10.2965 10.2962 10.2962 10.2962 10.2959 10.2959 10.2959 10.2957 10.2957 10.2957 10.2955 10.2955 10.2955 10.2952 10.2952 10.2952 10.2950 10.2950 10.2950 10.2959 10.2959 10.2959 0.0000 0.0000 0.0000 0.0000 0.0000 0.0000 0.0000 0.0000 0.0000 10.5446 10.5446 10.5446 10.5444
NaN 0.0000 0.0000 0.0000 0.0000 10.2991 10.2991 10.2991 10.2984 10.2984 10.2984 10.2981 10.2981 10.2981 10.2980 10.2980 10.2980 10.2978 10.2978 10.2978 10.2975 10.2975 10.2975 10.2972 10.2972 10.2972 10.2970 10.2970 10.2970 10.2968 10.2968 10.2968 10.2966 10.2966 10.2966 10.2964 10.2964 10.2964 10.2963 10.2963 10.2963 10.2965 10.2965 10.2965 10.2972 10.2972 10.2972 0.0000 0.0000 0.0000 0.0000 0.0000 0.0000 0.0000 0.0000 0.0000 0.0000 0.0000 0.0000 0.0000 0.0000 0.0000 0.0000 0.0000 0.0000 0.0000 0.0000 0.0000 0.0000
NaN 0.0000 0.0000 0.0000 0.0000 10.2991 10.2991 10.2991 10.2984 10.2984 10.2984 10.2981 10.2981 10.2981 10.2980 10.2980 10.2980 10.2978 10.2978 10.2978 10.2975 10.2975 10.2975 10.2972 10.2972 10.2972 10.2970 10.2970 10.2970 10.2968 10.2968 10.2968 10.2966 10.2966 10.2966 10.2964 10.2964 10.2964 10.2963 10.2963 10.2963 10.2965 10.2965 10.2965 10.2972 10.2972 10.2972 0.0000 0.0000 0.0000 0.0000 0.0000 0.0000 0.0000 0.0000 0.0000 0.0000 0.0000 0.0000 0.0000 0.0000 0.0000 0.0000 0.0000 0.0000 0.0000 0.0000 0.0000 0.0000
NaN 0.0000 0.0000 0.0000 0.0000 10.2991 10.2991 10.2991 10.2984 10.2984 10.2984 10.2981 10.2981 10.2981 10.2980 10.2980 10.2980 10.2978 10.2978 10.2978 10.2975 10.2975 10.2975 10.2972 10.2972 10.2972 10.2970 10.2970 10.2970 10.2968 10.2968 10.2968 10.2966 10.2966 10.2966 10.2964 10.2964 10.2964 10.2963 10.2963 10.2963 10.2965 10.2965 10.2965 10.2972 10.2972 10.2972 0.0000 0.0000 0.0000 0.0000 0.0000 0.0000 0.0000 0.0000 0.0000 0.0000 0.0000 0.0000 0.0000 0.0000 0.0000 0.0000 0.0000 0.0000 0.0000 0.0000 0.0000 0.0000
NaN NaN NaN NaN NaN NaN NaN NaN NaN NaN NaN NaN NaN NaN NaN NaN NaN NaN NaN NaN NaN NaN NaN NaN NaN NaN NaN NaN NaN NaN NaN NaN NaN NaN NaN NaN NaN NaN NaN NaN NaN NaN NaN NaN NaN NaN NaN NaN NaN NaN NaN NaN NaN NaN NaN NaN NaN NaN NaN NaN NaN NaN NaN NaN NaN NaN NaN NaN NaN
