tool_adapters/Deltares_HABITAT/example_maps/Tenryuu_river/standard_maps/oxygen_concentration_watercolumn_descending_min.asc
ncols          735
nrows          17
xllcorner      -61262.8867
yllcorner      -118292.6406
cellsize       25
[rows 0 to 16 of 17, columns 69 to 137 of 735]
NaN NaN NaN NaN NaN NaN NaN NaN NaN NaN NaN NaN NaN NaN NaN NaN NaN NaN NaN NaN NaN NaN NaN NaN NaN NaN NaN NaN NaN NaN NaN NaN NaN NaN NaN NaN NaN NaN NaN NaN NaN NaN NaN NaN NaN NaN NaN NaN NaN NaN NaN NaN NaN NaN NaN NaN NaN NaN NaN NaN NaN NaN NaN NaN NaN NaN NaN NaN NaN
10.2938 10.2938 10.2936 10.2936 10.2936 10.2933 10.2933 10.2933 10.2928 10.2928 10.2928 10.2924 10.2924 10.2924 10.2922 10.2922 10.2922 10.2920 10.2920 10.2920 10.2918 10.2918 10.2918 10.2915 10.2915 10.2915 10.2916 10.2916 10.2916 0.0000 0.0000 0.0000 0.0000 0.0000 0.0000 0.0000 0.0000 0.0000 0.0000 0.0000 0.0000 0.0000 0.0000 0.0000 0.0000 0.0000 0.0000 0.0000 0.0000 0.0000 0.0000 0.0000 0.0000 0.0000 0.0000 0.0000 0.0000 0.0000 0.0000 0.0000 0.0000 0.0000 0.0000 0.0000 0.0000 0.0000 0.0000 0.0000 0.0000
10.2938 10.2938 10.2936 10.2936 10.2936 10.2933 10.2933 10.2933 10.2928 10.2928 10.2928 10.2924 10.2924 10.2924 10.2922 10.2922 10.2922 10.2920 10.2920 10.2920 10.2918 10.2918 10.2918 10.2915 10.2915 10.2915 10.2916 10.2916 10.2916 0.0000 0.0000 0.0000 0.0000 0.0000 0.0000 0.0000 0.0000 0.0000 0.0000 0.0000 0.0000 0.0000 0.0000 0.0000 0.0000 0.0000 0.0000 0.0000 0.0000 0.0000 0.0000 0.0000 0.0000 0.0000 0.0000 0.0000 0.0000 0.0000 0.0000 0.0000 0.0000 0.0000 0.0000 0.0000 0.0000 0.0000 0.0000 0.0000 0.0000
10.2938 10.2938 10.2936 10.2936 10.2936 10.2933 10.2933 10.2933 10.2928 10.2928 10.2928 10.2924 10.2924 10.2924 10.2922 10.2922 10.2922 10.2920 10.2920 10.2920 10.2918 10.2918 10.2918 10.2915 10.2915 10.2915 10.2916 10.2916 10.2916 0.0000 0.0000 0.0000 0.0000 0.0000 0.0000 0.0000 0.0000 0.0000 0.0000 0.0000 0.0000 0.0000 0.0000 0.0000 0.0000 0.0000 0.0000 0.0000 0.0000 0.0000 0.0000 0.0000 0.0000 0.0000 0.0000 0.0000 0.0000 0.0000 0.0000 0.0000 0.0000 0.0000 0.0000 0.0000 0.0000 0.0000 0.0000 0.0000 0.0000
10.2942 10.2942 10.2958 10.2958 10.2958 10.2971 10.2971 10.2971 10.2960 10.2960 10.2960 10.2943 10.2943 10.2943 10.2925 10.2925 10.2925 10.2919 10.2919 10.2919 10.2914 10.2914 10.2914 10.2910 10.2910 10.2910 10.2906 10.2906 10.2906 10.2902 10.2902 10.2902 10.2895 10.2895 10.2895 10.2888 10.2888 10.2888 10.2884 10.2884 10.2884 10.2885 10.2885 10.2885 0.0000 0.0000 0.0000 0.0000 0.0000 0.0000 0.0000 0.0000 0.0000 0.0000 0.0000 0.0000 0.0000 0.0000 0.0000 0.0000 0.0000 0.0000 10.2755 10.2755 10.2755 10.2733 10.2733 10.2733 10.2724
10.2942 10.2942 10.2958 10.2958 10.2958 10.2971 10.2971 10.2971 10.2960 10.2960 10.2960 10.2943 10.2943 10.2943 10.2925 10.2925 10.2925 10.2919 10.2919 10.2919 10.2914 10.2914 10.2914 10.2910 10.2910 10.2910 10.2906 10.2906 10.2906 10.2902 10.2902 10.2902 10.2895 10.2895 10.2895 10.2888 10.2888 10.2888 10.2884 10.2884 10.2884 10.2885 10.2885 10.2885 0.0000 0.0000 0.0000 0.0000 0.0000 0.0000 0.0000 0.0000 0.0000 0.0000 0.0000 0.0000 0.0000 0.0000 0.0000 0.0000 0.0000 0.0000 10.2755 10.2755 10.2755 10.2733 10.2733 10.2733 10.2724
10.2942 10.2942 10.2958 10.2958 10.2958 10.2971 10.2971 10.2971 10.2960 10.2960 10.2960 10.2943 10.2943 10.2943 10.2925 10.2925 10.2925 10.2919 10.2919 10.2919 10.2914 10.2914 10.2914 10.2910 10.2910 10.2910 10.2906 10.2906 10.2906 10.2902 10.2902 10.2902 10.2895 10.2895 10.2895 10.2888 10.2888 10.2888 10.2884 10.2884 10.2884 10.2885 10.2885 10.2885 0.0000 0.0000 0.0000 0.0000 0.0000 0.0000 0.0000 0.0000 0.0000 0.0000 0.0000 0.0000 0.0000 0.0000 0.0000 0.0000 0.0000 0.0000 10.2755 10.2755 10.2755 10.2733 10.2733 10.2733 10.2724
10.4346 10.4346 10.5428 10.5428 10.5428 10.4690 10.4690 10.4690 10.4676 10.4676 10.4676 10.4723 10.4723 10.4723 10.2930 10.2930 10.2930 10.2925 10.2925 10.2925 10.2922 10.2922 10.2922 10.2919 10.2919 10.2919 10.2913 10.2913 10.2913 10.2900 10.2900 10.2900 10.2888 10.2888 10.2888 10.2882 10.2882 10.2882 10.2878 10.2878 10.2878 10.2881 10.2881 10.2881 10.5454 10.5454 10.5454 0.0000 0.0000 0.0000 0.0000 0.0000 0.0000 0.0000 0.0000 0.0000 10.2829 10.2829 10.2829 10.2772 10.2772 10.2772 10.2755 10.2755 10.2755 10.2743 10.2743 10.2743 10.2733
10.4346 10.4346 10.5428 10.5428 10.5428 10.4690 10.4690 10.4690 10.4676 10.4676 10.4676 10.4723 10.4723 10.4723 10.2930 10.2930 10.2930 10.2925 10.2925 10.2925 10.2922 10.2922 10.2922 10.2919 10.2919 10.2919 10.2913 10.2913 10.2913 10.2900 10.2900 10.2900 10.2888 10.2888 10.2888 10.2882 10.2882 10.2882 10.2878 10.2878 10.2878 10.2881 10.2881 10.2881 10.5454 10.5454 10.5454 0.0000 0.0000 0.0000 0.0000 0.0000 0.0000 0.0000 0.0000 0.0000 10.2829 10.2829 10.2829 10.2772 10.2772 10.2772 10.2755 10.2755 10.2755 10.2743 10.2743 10.2743 10.2733
10.4346 10.4346 10.5428 10.5428 10.5428 10.4690 10.4690 10.4690 10.4676 10.4676 10.4676 10.4723 10.4723 10.4723 10.2930 10.2930 10.2930 10.2925 10.2925 10.2925 10.2922 10.2922 10.2922 10.2919 10.2919 10.2919 10.2913 10.2913 10.2913 10.2900 10.2900 10.2900 10.2888 10.2888 10.2888 10.2882 10.2882 10.2882 10.2878 10.2878 10.2878 10.2881 10.2881 10.2881 10.5454 10.5454 10.5454 0.0000 0.0000 0.0000 0.0000 0.0000 0.0000 0.0000 0.0000 0.0000 10.2829 10.2829 10.2829 10.2772 10.2772 10.2772 10.2755 10.2755 10.2755 10.2743 10.2743 10.2743 10.2733
10.5444 10.5444 10.5448 10.5448 10.5448 0.0000 0.0000 0.0000 0.0000 0.0000 0.0000 0.0000 0.0000 0.0000 0.0000 0.0000 0.0000 0.0000 0.0000 0.0000 0.0000 0.0000 0.0000 0.0000 0.0000 0.0000 0.0000 0.0000 0.0000 0.0000 0.0000 0.0000 10.2900 10.2900 10.2900 10.2880 10.2880 10.2880 10.2873 10.2873 10.2873 10.2869 10.2869 10.2869 10.2869 10.2869 10.2869 10.2862 10.2862 10.2862 10.2861 10.2861 10.2861 10.2809 10.2809 10.2809 10.2787 10.2787 10.2787 10.2771 10.2771 10.2771 10.2759 10.2759 10.2759 10.2749 10.2749 10.2749 10.2741
10.5444 10.5444 10.5448 10.5448 10.5448 0.0000 0.0000 0.0000 0.0000 0.0000 0.0000 0.0000 0.0000 0.0000 0.0000 0.0000 0.0000 0.0000 0.0000 0.0000 0.0000 0.0000 0.0000 0.0000 0.0000 0.0000 0.0000 0.0000 0.0000 0.0000 0.0000 0.0000 10.2900 10.2900 10.2900 10.2880 10.2880 10.2880 10.2873 10.2873 10.2873 10.2869 10.2869 10.2869 10.2869 10.2869 10.2869 10.2862 10.2862 10.2862 10.2861 10.2861 10.2861 10.2809 10.2809 10.2809 10.2787 10.2787 10.2787 10.2771 10.2771 10.2771 10.2759 10.2759 10.2759 10.2749 10.2749 10.2749 10.2741
10.5444 10.5444 10.5448 10.5448 10.5448 0.0000 0.0000 0.0000 0.0000 0.0000 0.0000 0.0000 0.0000 0.0000 0.0000 0.0000 0.0000 0.0000 0.0000 0.0000 0.0000 0.0000 0.0000 0.0000 0.0000 0.0000 0.0000 0.0000 0.0000 0.0000 0.0000 0.0000 10.2900 10.2900 10.2900 10.2880 10.2880 10.2880 10.2873 10.2873 10.2873 10.2869 10.2869 10.2869 10.2869 10.2869 10.2869 10.2862 10.2862 10.2862 10.2861 10.2861 10.2861 10.2809 10.2809 10.2809 10.2787 10.2787 10.2787 10.2771 10.2771 10.2771 10.2759 10.2759 10.2759 10.2749 10.2749 10.2749 10.2741
0.0000 0.0000 0.0000 0.0000 0.0000 0.0000 0.0000 0.0000 0.0000 0.0000 0.0000 0.0000 0.0000 0.0000 0.0000 0.0000 0.0000 0.0000 0.0000 0.0000 0.0000 0.0000 0.0000 0.0000 0.0000 0.0000 0.0000 0.0000 0.0000 0.0000 0.0000 0.0000 0.0000 0.0000 0.0000 0.0000 0.0000 0.0000 10.2871 10.2871 10.2871 10.2867 10.2867 10.2867 10.2846 10.2846 10.2846 10.2824 10.2824 10.2824 10.2803 10.2803 10.2803 10.2789 10.2789 10.2789 10.2779 10.2779 10.2779 10.2772 10.2772 10.2772 10.2762 10.2762 10.2762 10.2750 10.2750 10.2750 10.2742
0.0000 0.0000 0.0000 0.0000 0.0000 0.0000 0.0000 0.0000 0.0000 0.0000 0.0000 0.0000 0.0000 0.0000 0.0000 0.0000 0.0000 0.0000 0.0000 0.0000 0.0000 0.0000 0.0000 0.0000 0.0000 0.0000 0.0000 0.0000 0.0000 0.0000 0.0000 0.0000 0.0000 0.0000 0.0000 0.0000 0.0000 0.0000 10.2871 10.2871 10.2871 10.2867 10.2867 10.2867 10.2846 10.2846 10.2846 10.2824 10.2824 10.2824 10.2803 10.2803 10.2803 10.2789 10.2789 10.2789 10.2779 10.2779 10.2779 10.2772 10.2772 10.2772 10.2762 10.2762 10.2762 10.2750 10.2750 10.2750 10.2742
0.0000 0.0000 0.0000 0.0000 0.0000 0.0000 0.0000 0.0000 0.0000 0.0000 0.0000 0.0000 0.0000 0.0000 0.0000 0.0000 0.0000 0.0000 0.0000 0.0000 0.0000 0.0000 0.0000 0.0000 0.0000 0.0000 0.0000 0.0000 0.0000 0.0000 0.0000 0.0000 0.0000 0.0000 0.0000 0.0000 0.0000 0.0000 10.2871 10.2871 10.2871 10.2867 10.2867 10.2867 10.2846 10.2846 10.2846 10.2824 10.2824 10.2824 10.2803 10.2803 10.2803 10.2789 10.2789 10.2789 10.2779 10.2779 10.2779 10.2772 10.2772 10.2772 10.2762 10.2762 10.2762 10.2750 10.2750 10.2750 10.2742
NaN NaN NaN NaN NaN NaN NaN NaN NaN NaN NaN NaN NaN NaN NaN NaN NaN NaN NaN NaN NaN NaN NaN NaN NaN NaN NaN NaN NaN NaN NaN NaN NaN NaN NaN NaN NaN NaN NaN NaN NaN NaN NaN NaN NaN NaN NaN NaN NaN NaN NaN NaN NaN NaN NaN NaN NaN NaN NaN NaN NaN NaN NaN NaN NaN NaN NaN NaN NaN
