tool_adapters/Deltares_HABITAT/example_maps/Tenryuu_river/standard_maps/oxygen_concentration_watercolumn_ascending_min.asc
ncols          735
nrows          17
xllcorner      -61262.8867
yllcorner      -118292.6406
cellsize       25
[rows 0 to 16 of 17, columns 469 to 535 of 735]
NaN NaN NaN NaN NaN NaN NaN NaN NaN NaN NaN NaN NaN NaN NaN NaN NaN NaN NaN NaN NaN NaN NaN NaN NaN NaN NaN NaN NaN NaN NaN NaN NaN NaN NaN NaN NaN NaN NaN NaN NaN NaN NaN NaN NaN NaN NaN NaN NaN NaN NaN NaN NaN NaN NaN NaN NaN NaN NaN NaN NaN NaN NaN NaN NaN NaN NaN
11.8275 11.8258 11.8258 11.8258 11.8239 11.8239 11.8239 11.8216 11.8216 11.8216 11.8188 11.8188 11.8188 11.8153 11.8153 11.8153 11.8114 11.8114 11.8114 11.8079 11.8079 11.8079 11.8045 11.8045 11.8045 11.8011 11.8011 11.8011 11.7973 11.7973 11.7973 11.7944 11.7944 11.7944 11.7924 11.7924 11.7924 11.8013 11.7265 11.7265 11.7893 11.7893 11.7893 11.7885 11.7885 11.7885 11.7884 11.7884 11.7884 11.7885 11.7885 11.7885 11.7885 11.7885 11.7885 11.7875 11.7875 11.7875 11.7164 11.7164 11.7164 11.7249 11.7249 11.7249 11.7268 11.7268 11.7268
11.8275 11.8258 11.8258 11.8258 11.8239 11.8239 11.8239 11.8216 11.8216 11.8216 11.8188 11.8188 11.8188 11.8153 11.8153 11.8153 11.8114 11.8114 11.8114 11.8079 11.8079 11.8079 11.8045 11.8045 11.8045 11.8011 11.8011 11.8011 11.7973 11.7973 11.7973 11.7944 11.7944 11.7944 11.7924 11.7924 11.7924 11.8013 11.7265 11.7265 11.7893 11.7893 11.7893 11.7885 11.7885 11.7885 11.7884 11.7884 11.7884 11.7885 11.7885 11.7885 11.7885 11.7885 11.7885 11.7875 11.7875 11.7875 11.7164 11.7164 11.7164 11.7249 11.7249 11.7249 11.7268 11.7268 11.7268
11.8275 11.8258 11.8258 11.8258 11.8239 11.8239 11.8239 11.8216 11.8216 11.8216 11.8188 11.8188 11.8188 11.8153 11.8153 11.8153 11.8114 11.8114 11.8114 11.8079 11.8079 11.8079 11.8045 11.8045 11.8045 11.8011 11.8011 11.8011 11.7973 11.7973 11.7973 11.7944 11.7944 11.7944 11.7924 11.7924 11.7924 11.7911 11.7911 11.7911 11.7893 11.7893 11.7893 11.7885 11.7885 11.7885 11.7884 11.7884 11.7884 11.7885 11.7885 11.7885 11.7885 11.7885 11.7885 11.7875 11.7875 11.7875 11.7164 11.7164 11.7164 11.7249 11.7249 11.7249 11.7268 11.7268 11.7268
11.8277 11.8258 11.8258 11.8258 11.8238 11.8238 11.8238 11.8214 11.8214 11.8214 11.8185 11.8185 11.8185 11.8150 11.8150 11.8150 11.8112 11.8112 11.8112 11.8077 11.8077 11.8077 11.8044 11.8044 11.8044 11.8011 11.8011 11.8011 11.7974 11.7974 11.7974 11.7944 11.7944 11.7944 11.7924 11.7924 11.7924 11.7909 11.7909 11.7909 11.7893 11.7893 11.7893 11.7889 11.7889 11.7889 11.7891 11.7891 11.7891 11.7895 11.7895 11.7895 11.7898 11.7898 11.7898 11.7899 11.7899 11.7899 11.7899 11.7899 11.7899 11.7897 11.7897 11.7897 11.7896 11.7896 11.7896
11.8277 11.8258 11.8258 11.8258 11.8238 11.8238 11.8238 11.8214 11.8214 11.8214 11.8185 11.8185 11.8185 11.8150 11.8150 11.8150 11.8112 11.8112 11.8112 11.8077 11.8077 11.8077 11.8044 11.8044 11.8044 11.8011 11.8011 11.8011 11.7974 11.7974 11.7974 11.7944 11.7944 11.7944 11.7924 11.7924 11.7924 11.7909 11.7909 11.7909 11.7893 11.7893 11.7893 11.7889 11.7889 11.7889 11.7891 11.7891 11.7891 11.7895 11.7895 11.7895 11.7898 11.7898 11.7898 11.7899 11.7899 11.7899 11.7899 11.7899 11.7899 11.7897 11.7897 11.7897 11.7896 11.7896 11.7896
11.8277 11.8258 11.8258 11.8258 11.8238 11.8238 11.8238 11.8214 11.8214 11.8214 11.8185 11.8185 11.8185 11.8150 11.8150 11.8150 11.8112 11.8112 11.8112 11.8077 11.8077 11.8077 11.8044 11.8044 11.8044 11.8011 11.8011 11.8011 11.7974 11.7974 11.7974 11.7944 11.7944 11.7944 11.7924 11.7924 11.7924 12.0788 12.0788 11.7909 11.7893 11.7893 11.7893 11.7889 11.7889 11.7889 11.7891 11.7891 11.7891 11.7895 11.7895 11.7895 11.7898 11.7898 11.7898 11.7899 11.7899 11.7899 11.7899 11.7899 11.7899 11.7897 11.7897 11.7897 11.7896 11.7896 11.7896
11.8279 11.8258 11.8258 11.8258 11.8235 11.8235 11.8235 11.8210 11.8210 11.8210 11.8182 11.8182 11.8182 11.8145 11.8145 11.8145 11.8105 11.8105 11.8105 11.8070 11.8070 11.8070 11.8039 11.8039 11.8039 11.8008 11.8008 11.8008 11.7975 11.7975 11.7975 11.7948 11.7948 11.7948 11.7927 11.7927 11.7927 11.7915 11.7915 11.7915 11.7897 11.7897 11.7897 11.7892 11.7892 11.7892 11.7895 11.7895 11.7895 11.7900 11.7900 11.7900 11.7904 11.7904 11.7904 11.7906 11.7906 11.7906 11.7905 11.7905 11.7905 11.7905 11.7905 11.7905 11.7904 11.7904 11.7904
11.8279 11.8258 11.8258 11.8258 11.8235 11.8235 11.8235 11.8210 11.8210 11.8210 11.8182 11.8182 11.8182 11.8145 11.8145 11.8145 11.8105 11.8105 11.8105 11.8070 11.8070 11.8070 11.8039 11.8039 11.8039 11.8008 11.8008 11.8008 11.7975 11.7975 11.7975 11.7948 11.7948 11.7948 11.7927 11.7927 11.7927 11.7915 11.7915 11.7915 11.7897 11.7897 11.7897 11.7892 11.7892 11.7892 11.7895 11.7895 11.7895 11.7900 11.7900 11.7900 11.7904 11.7904 11.7904 11.7906 11.7906 11.7906 11.7905 11.7905 11.7905 11.7905 11.7905 11.7905 11.7904 11.7904 11.7904
11.8279 11.8258 11.8258 11.8258 11.8235 11.8235 11.8235 11.8210 11.8210 11.8210 11.8182 11.8182 11.8182 11.8145 11.8145 11.8145 11.8105 11.8105 11.8105 11.8070 11.8070 11.8070 11.8039 11.8039 11.8039 11.8008 11.8008 11.8008 11.7975 11.7975 11.7975 11.7948 11.7948 11.7948 11.7927 11.7927 11.7927 11.7915 11.7915 11.7915 11.7897 11.7897 11.7897 11.7892 11.7892 11.7892 11.7895 11.7895 11.7895 11.7900 11.7900 11.7900 11.7904 11.7904 11.7904 11.7906 11.7906 11.7906 11.7905 11.7905 11.7905 11.7905 11.7905 11.7905 11.7904 11.7904 11.7904
11.8281 11.8257 11.8257 11.8257 11.8232 11.8232 11.8232 11.8205 11.8205 11.8205 11.8173 11.8173 11.8173 11.8134 11.8134 11.8134 11.8093 11.8093 11.8093 11.8058 11.8058 11.8058 11.8030 11.8030 11.8030 11.8004 11.8004 11.8004 11.7976 11.7976 11.7976 11.7953 11.7953 11.7953 11.7933 11.7933 11.7933 12.1145 12.1145 11.7921 11.7904 11.7904 11.7904 11.7896 11.7896 11.7896 11.7897 11.7897 11.7897 11.7906 11.7906 11.7906 11.7909 11.7909 11.7909 11.7910 11.7910 11.7910 11.7910 11.7910 11.7910 11.7909 11.7909 11.7909 11.7908 11.7908 11.7908
11.8281 11.8257 11.8257 11.8257 11.8232 11.8232 11.8232 11.8205 11.8205 11.8205 11.8173 11.8173 11.8173 11.8134 11.8134 11.8134 11.8093 11.8093 11.8093 11.8058 11.8058 11.8058 11.8030 11.8030 11.8030 11.8004 11.8004 11.8004 11.7976 11.7976 11.7976 11.7953 11.7953 11.7953 11.7933 11.7933 11.7933 11.7921 11.7921 11.7921 11.7904 11.7904 11.7904 11.7896 11.7896 11.7896 11.7897 11.7897 11.7897 11.7906 11.7906 11.7906 11.7909 11.7909 11.7909 11.7910 11.7910 11.7910 11.7910 11.7910 11.7910 11.7909 11.7909 11.7909 11.7908 11.7908 11.7908
11.8281 11.8257 11.8257 11.8257 11.8232 11.8232 11.8232 11.8205 11.8205 11.8205 11.8173 11.8173 11.8173 11.8134 11.8134 11.8134 11.8093 11.8093 11.8093 11.8058 11.8058 11.8058 11.8030 11.8030 11.8030 11.8004 11.8004 11.8004 11.7976 11.7976 11.7976 11.7953 11.7953 11.7953 11.7933 11.7933 11.7933 11.7921 11.7921 11.7921 11.7904 11.7904 11.7904 11.7896 11.7896 11.7896 11.7897 11.7897 11.7897 11.7906 11.7906 11.7906 11.7909 11.7909 11.7909 11.7910 11.7910 11.7910 11.7910 11.7910 11.7910 11.7909 11.7909 11.7909 11.7908 11.7908 11.7908
11.8280 11.8253 11.8253 11.8253 11.8227 11.8227 11.8227 11.8198 11.8198 11.8198 11.8162 11.8162 11.8162 11.8123 11.8123 11.8123 11.8079 11.8079 11.8079 11.8048 11.8048 11.8048 11.8024 11.8024 11.8024 11.8000 11.8000 11.8000 11.7976 11.7976 11.7976 11.7955 11.7955 11.7955 11.7940 11.7940 11.7940 11.7936 11.7936 11.7936 11.7907 11.7907 11.7907 11.7915 11.7915 11.7915 11.7930 11.7930 11.7930 11.7925 11.7925 11.7925 11.7927 11.7927 11.7927 11.7925 11.7925 11.7925 11.7923 11.7923 11.7923 11.7918 11.7918 11.7918 11.7904 11.7904 11.7904
11.8280 11.8253 11.8253 11.8253 11.8227 11.8227 11.8227 11.8198 11.8198 11.8198 11.8162 11.8162 11.8162 11.8123 11.8123 11.8123 11.8079 11.8079 11.8079 11.8048 11.8048 11.8048 11.8024 11.8024 11.8024 11.8000 11.8000 11.8000 11.7976 11.7976 11.7976 11.7955 11.7955 11.7955 11.7940 11.7940 11.7940 11.8266 11.8266 11.8266 11.8266 11.7933 11.7933 11.7936 11.7936 11.7936 11.7930 11.7930 11.7930 11.7925 11.7925 11.7925 11.7927 11.7927 11.7927 11.7925 11.7925 11.7925 11.7923 11.7923 11.7923 11.7918 11.7918 11.7918 11.7904 11.7904 11.7904
11.8280 11.8253 11.8253 11.8253 11.8227 11.8227 11.8227 11.8198 11.8198 11.8198 11.8162 11.8162 11.8162 11.8123 11.8123 11.8123 11.8079 11.8079 11.8079 11.8048 11.8048 11.8048 11.8024 11.8024 11.8024 11.8000 11.8000 11.8000 11.7976 11.7976 11.7976 11.7955 11.7955 11.7955 11.7940 11.7940 11.7940 11.8266 11.8266 11.8266 11.8266 11.7933 11.7933 11.7936 11.7936 11.7936 11.7930 11.7930 11.7930 11.7925 11.7925 11.7925 11.7927 11.7927 11.7927 11.7925 11.7925 11.7925 11.7923 11.7923 11.7923 11.7918 11.7918 11.7918 11.7904 11.7904 11.7904
NaN NaN NaN NaN NaN NaN NaN NaN NaN NaN NaN NaN NaN NaN NaN NaN NaN NaN NaN NaN NaN NaN NaN NaN NaN NaN NaN NaN NaN NaN NaN NaN NaN NaN NaN NaN NaN NaN NaN NaN NaN NaN NaN NaN NaN NaN NaN NaN NaN NaN NaN NaN NaN NaN NaN NaN NaN NaN NaN NaN NaN NaN NaN NaN NaN NaN NaN
