tool_adapters/Deltares_HABITAT/example_maps/Tenryuu_river/standard_maps/oxygen_concentration_watercolumn_ascending_min.asc
ncols          735
nrows          17
xllcorner      -61262.8867
yllcorner      -118292.6406
cellsize       25
[rows 0 to 16 of 17, columns 335 to 401 of 735]
NaN NaN NaN NaN NaN NaN NaN NaN NaN NaN NaN NaN NaN NaN NaN NaN NaN NaN NaN NaN NaN NaN NaN NaN NaN NaN NaN NaN NaN NaN NaN NaN NaN NaN NaN NaN NaN NaN NaN NaN NaN NaN NaN NaN NaN NaN NaN NaN NaN NaN NaN NaN NaN NaN NaN NaN NaN NaN NaN NaN NaN NaN NaN NaN NaN NaN NaN
11.9212 11.9212 11.9212 11.9196 11.9196 11.9196 11.9180 11.9180 11.9180 11.9164 11.9164 11.9164 11.9145 11.9145 11.9145 11.9124 11.9124 11.9124 11.9104 11.9104 11.9104 11.9086 11.9086 11.9086 11.9066 11.9066 11.9066 11.9042 11.9042 11.9042 11.9017 11.9017 11.9017 11.8994 11.8994 11.8994 11.8970 11.8970 11.8970 11.8945 11.8945 11.8945 11.8920 11.8920 11.8920 11.8895 11.8895 11.8895 11.8866 11.8866 11.8866 11.8836 11.8836 11.8836 11.8804 11.8804 11.8804 11.8778 11.8778 11.8778 11.8757 11.8757 11.8757 11.8736 11.8736 11.8736 11.8716
11.9212 11.9212 11.9212 11.9196 11.9196 11.9196 11.9180 11.9180 11.9180 11.9164 11.9164 11.9164 11.9145 11.9145 11.9145 11.9124 11.9124 11.9124 11.9104 11.9104 11.9104 11.9086 11.9086 11.9086 11.9066 11.9066 11.9066 11.9042 11.9042 11.9042 11.9017 11.9017 11.9017 11.8994 11.8994 11.8994 11.8970 11.8970 11.8970 11.8945 11.8945 11.8945 11.8920 11.8920 11.8920 11.8895 11.8895 11.8895 11.8866 11.8866 11.8866 11.8836 11.8836 11.8836 11.8804 11.8804 11.8804 11.8778 11.8778 11.8778 11.8757 11.8757 11.8757 11.8736 11.8736 11.8736 11.8716
11.9212 11.9212 11.9212 11.9196 11.9196 11.9196 11.9180 11.9180 11.9180 11.9164 11.9164 11.9164 11.9145 11.9145 11.9145 11.9124 11.9124 11.9124 11.9104 11.9104 11.9104 11.9086 11.9086 11.9086 11.9066 11.9066 11.9066 11.9042 11.9042 11.9042 11.9017 11.9017 11.9017 11.8994 11.8994 11.8994 11.8970 11.8970 11.8970 11.8945 11.8945 11.8945 11.8920 11.8920 11.8920 11.8895 11.8895 11.8895 11.8866 11.8866 11.8866 11.8836 11.8836 11.8836 11.8804 11.8804 11.8804 11.8778 11.8778 11.8778 11.8757 11.8757 11.8757 11.8736 11.8736 11.8736 11.8716
11.9233 11.9233 11.9233 11.9214 11.9214 11.9214 11.9195 11.9195 11.9195 11.9175 11.9175 11.9175 11.9154 11.9154 11.9154 11.9131 11.9131 11.9131 11.9108 11.9108 11.9108 11.9087 11.9087 11.9087 11.9065 11.9065 11.9065 11.9042 11.9042 11.9042 11.9016 11.9016 11.9016 11.8992 11.8992 11.8992 11.8966 11.8966 11.8966 11.8942 11.8942 11.8942 11.8917 11.8917 11.8917 11.8890 11.8890 11.8890 11.8863 11.8863 11.8863 11.8834 11.8834 11.8834 11.8803 11.8803 11.8803 11.8777 11.8777 11.8777 11.8754 11.8754 11.8754 11.8733 11.8733 11.8733 11.8715
11.9233 11.9233 11.9233 11.9214 11.9214 11.9214 11.9195 11.9195 11.9195 11.9175 11.9175 11.9175 11.9154 11.9154 11.9154 11.9131 11.9131 11.9131 11.9108 11.9108 11.9108 11.9087 11.9087 11.9087 11.9065 11.9065 11.9065 11.9042 11.9042 11.9042 11.9016 11.9016 11.9016 11.8992 11.8992 11.8992 11.8966 11.8966 11.8966 11.8942 11.8942 11.8942 11.8917 11.8917 11.8917 11.8890 11.8890 11.8890 11.8863 11.8863 11.8863 11.8834 11.8834 11.8834 11.8803 11.8803 11.8803 11.8777 11.8777 11.8777 11.8754 11.8754 11.8754 11.8733 11.8733 11.8733 11.8715
11.9233 11.9233 11.9233 11.9214 11.9214 11.9214 11.9195 11.9195 11.9195 11.9175 11.9175 11.9175 11.9154 11.9154 11.9154 11.9131 11.9131 11.9131 11.9108 11.9108 11.9108 11.9087 11.9087 11.9087 11.9065 11.9065 11.9065 11.9042 11.9042 11.9042 11.9016 11.9016 11.9016 11.8992 11.8992 11.8992 11.8966 11.8966 11.8966 11.8942 11.8942 11.8942 11.8917 11.8917 11.8917 11.8890 11.8890 11.8890 11.8863 11.8863 11.8863 11.8834 11.8834 11.8834 11.8803 11.8803 11.8803 11.8777 11.8777 11.8777 11.8754 11.8754 11.8754 11.8733 11.8733 11.8733 11.8715
11.9252 11.9252 11.9252 11.9232 11.9232 11.9232 11.9211 11.9211 11.9211 11.9188 11.9188 11.9188 11.9163 11.9163 11.9163 11.9137 11.9137 11.9137 11.9112 11.9112 11.9112 11.9085 11.9085 11.9085 11.9060 11.9060 11.9060 11.9034 11.9034 11.9034 11.9008 11.9008 11.9008 11.8984 11.8984 11.8984 11.8959 11.8959 11.8959 11.8933 11.8933 11.8933 11.8908 11.8908 11.8908 11.8882 11.8882 11.8882 11.8855 11.8855 11.8855 11.8827 11.8827 11.8827 11.8797 11.8797 11.8797 11.8771 11.8771 11.8771 11.8748 11.8748 11.8748 11.8728 11.8728 11.8728 11.8707
11.9252 11.9252 11.9252 11.9232 11.9232 11.9232 11.9211 11.9211 11.9211 11.9188 11.9188 11.9188 11.9163 11.9163 11.9163 11.9137 11.9137 11.9137 11.9112 11.9112 11.9112 11.9085 11.9085 11.9085 11.9060 11.9060 11.9060 11.9034 11.9034 11.9034 11.9008 11.9008 11.9008 11.8984 11.8984 11.8984 11.8959 11.8959 11.8959 11.8933 11.8933 11.8933 11.8908 11.8908 11.8908 11.8882 11.8882 11.8882 11.8855 11.8855 11.8855 11.8827 11.8827 11.8827 11.8797 11.8797 11.8797 11.8771 11.8771 11.8771 11.8748 11.8748 11.8748 11.8728 11.8728 11.8728 11.8707
11.9252 11.9252 11.9252 11.9232 11.9232 11.9232 11.9211 11.9211 11.9211 11.9188 11.9188 11.9188 11.9163 11.9163 11.9163 11.9137 11.9137 11.9137 11.9112 11.9112 11.9112 11.9085 11.9085 11.9085 11.9060 11.9060 11.9060 11.9034 11.9034 11.9034 11.9008 11.9008 11.9008 11.8984 11.8984 11.8984 11.8959 11.8959 11.8959 11.8933 11.8933 11.8933 11.8908 11.8908 11.8908 11.8882 11.8882 11.8882 11.8855 11.8855 11.8855 11.8827 11.8827 11.8827 11.8797 11.8797 11.8797 11.8771 11.8771 11.8771 11.8748 11.8748 11.8748 11.8728 11.8728 11.8728 11.8707
11.9259 11.9259 11.9259 11.9241 11.9241 11.9241 11.9219 11.9219 11.9219 11.9195 11.9195 11.9195 11.9167 11.9167 11.9167 11.9138 11.9138 11.9138 11.9109 11.9109 11.9109 11.9080 11.9080 11.9080 11.9053 11.9053 11.9053 11.9025 11.9025 11.9025 11.8999 11.8999 11.8999 11.8976 11.8976 11.8976 11.8948 11.8948 11.8948 11.8914 11.8914 11.8914 11.8893 11.8893 11.8893 11.8870 11.8870 11.8870 11.8846 11.8846 11.8846 11.8820 11.8820 11.8820 11.8791 11.8791 11.8791 11.8764 11.8764 11.8764 11.8741 11.8741 11.8741 11.8720 11.8720 11.8720 11.8698
11.9259 11.9259 11.9259 11.9241 11.9241 11.9241 11.9219 11.9219 11.9219 11.9195 11.9195 11.9195 11.9167 11.9167 11.9167 11.9138 11.9138 11.9138 11.9109 11.9109 11.9109 11.9080 11.9080 11.9080 11.9053 11.9053 11.9053 11.9025 11.9025 11.9025 11.8999 11.8999 11.8999 11.8976 11.8976 11.8976 11.8948 11.8948 11.8948 11.8914 11.8914 11.8914 11.8893 11.8893 11.8893 11.8870 11.8870 11.8870 11.8846 11.8846 11.8846 11.8820 11.8820 11.8820 11.8791 11.8791 11.8791 11.8764 11.8764 11.8764 11.8741 11.8741 11.8741 11.8720 11.8720 11.8720 11.8698
11.9259 11.9259 11.9259 11.9241 11.9241 11.9241 11.9219 11.9219 11.9219 11.9195 11.9195 11.9195 11.9167 11.9167 11.9167 11.9138 11.9138 11.9138 11.9109 11.9109 11.9109 11.9080 11.9080 11.9080 11.9053 11.9053 11.9053 11.9025 11.9025 11.9025 11.8999 11.8999 11.8999 11.8976 11.8976 11.8976 11.8948 11.8948 11.8948 11.8914 11.8914 11.8914 11.8893 11.8893 11.8893 11.8870 11.8870 11.8870 11.8846 11.8846 11.8846 11.8820 11.8820 11.8820 11.8791 11.8791 11.8791 11.8764 11.8764 11.8764 11.8741 11.8741 11.8741 11.8720 11.8720 11.8720 11.8698
11.9262 11.9262 11.9262 11.9243 11.9243 11.9243 11.9222 11.9222 11.9222 11.9198 11.9198 11.9198 11.9168 11.9168 11.9168 11.9122 11.9122 11.9122 0.0000 0.0000 0.0000 0.0000 0.0000 0.0000 11.9019 11.9019 11.9019 0.0000 0.0000 0.0000 0.0000 0.0000 0.0000 0.0000 0.0000 0.0000 11.8906 11.8906 11.8906 11.8893 11.8893 11.8893 11.8881 11.8881 11.8881 11.8862 11.8862 11.8862 11.8838 11.8838 11.8838 0.0000 0.0000 0.0000 11.8776 11.8776 11.8776 11.8752 11.8752 11.8752 11.8729 11.8729 11.8729 11.8708 11.8708 11.8708 11.8684
11.9262 11.9262 11.9262 11.9243 11.9243 11.9243 11.9222 11.9222 11.9222 11.9198 11.9198 11.9198 11.9168 11.9168 11.9168 11.9122 11.9122 11.9122 0.0000 0.0000 0.0000 0.0000 0.0000 0.0000 11.9019 11.9019 11.9019 0.0000 0.0000 0.0000 0.0000 0.0000 0.0000 0.0000 0.0000 0.0000 11.8906 11.8906 11.8906 11.8893 11.8893 11.8893 11.8881 11.8881 11.8881 11.8862 11.8862 11.8862 11.8838 11.8838 11.8838 0.0000 0.0000 0.0000 11.8776 11.8776 11.8776 11.8752 11.8752 11.8752 11.8729 11.8729 11.8729 11.8708 11.8708 11.8708 11.8684
11.9262 11.9262 11.9262 11.9243 11.9243 11.9243 11.9222 11.9222 11.9222 11.9198 11.9198 11.9198 11.9168 11.9168 11.9168 11.9122 11.9122 11.9122 0.0000 0.0000 0.0000 0.0000 0.0000 0.0000 11.9019 11.9019 11.9019 0.0000 0.0000 0.0000 0.0000 0.0000 0.0000 0.0000 0.0000 0.0000 11.8906 11.8906 11.8906 11.8893 11.8893 11.8893 11.8881 11.8881 11.8881 11.8862 11.8862 11.8862 11.8838 11.8838 11.8838 0.0000 0.0000 0.0000 11.8776 11.8776 11.8776 11.8752 11.8752 11.8752 11.8729 11.8729 11.8729 11.8708 11.8708 11.8708 11.8684
NaN NaN NaN NaN NaN NaN NaN NaN NaN NaN NaN NaN NaN NaN NaN NaN NaN NaN NaN NaN NaN NaN NaN NaN NaN NaN NaN NaN NaN NaN NaN NaN NaN NaN NaN NaN NaN NaN NaN NaN NaN NaN NaN NaN NaN NaN NaN NaN NaN NaN NaN NaN NaN NaN NaN NaN NaN NaN NaN NaN NaN NaN NaN NaN NaN NaN NaN
