tool_adapters/Deltares_HABITAT/example_maps/Tenryuu_river/standard_maps/oxygen_concentration_watercolumn_spawning_min.asc
ncols          735
nrows          17
xllcorner      -61262.8867
yllcorner      -118292.6406
cellsize       25
[rows 0 to 16 of 17, columns 142 to 212 of 735]
NaN NaN NaN NaN NaN NaN NaN NaN NaN NaN NaN NaN NaN NaN NaN NaN NaN NaN NaN NaN NaN NaN NaN NaN NaN NaN NaN NaN NaN NaN NaN NaN NaN NaN NaN NaN NaN NaN NaN NaN NaN NaN NaN NaN NaN NaN NaN NaN NaN NaN NaN NaN NaN NaN NaN NaN NaN NaN NaN NaN NaN NaN NaN NaN NaN NaN NaN NaN NaN NaN NaN
9.3142 9.3121 9.3121 9.3121 9.3109 9.3109 9.3109 9.3101 9.3101 9.3101 9.3103 9.3103 9.3103 9.3105 9.3105 9.3105 9.3097 9.3097 9.3097 9.3074 9.3074 9.3074 9.3022 9.3022 9.3022 9.2975 9.2975 9.2975 9.2949 9.2949 9.2949 9.2933 9.2933 9.2933 9.2923 9.2923 9.2923 9.2915 9.2915 9.2915 9.2908 9.2908 9.2908 9.2901 9.2901 9.2901 9.2893 9.2893 9.2893 9.2884 9.2884 9.2884 9.2876 9.2876 9.2876 9.2867 9.2867 9.2867 9.2854 9.2854 9.2854 9.2839 9.2839 9.2839 9.2822 9.2822 9.2822 9.2808 9.2808 9.2808 9.2795
9.3142 9.3121 9.3121 9.3121 9.3109 9.3109 9.3109 9.3101 9.3101 9.3101 9.3103 9.3103 9.3103 9.3105 9.3105 9.3105 9.3097 9.3097 9.3097 9.3074 9.3074 9.3074 9.3022 9.3022 9.3022 9.2975 9.2975 9.2975 9.2949 9.2949 9.2949 9.2933 9.2933 9.2933 9.2923 9.2923 9.2923 9.2915 9.2915 9.2915 9.2908 9.2908 9.2908 9.2901 9.2901 9.2901 9.2893 9.2893 9.2893 9.2884 9.2884 9.2884 9.2876 9.2876 9.2876 9.2867 9.2867 9.2867 9.2854 9.2854 9.2854 9.2839 9.2839 9.2839 9.2822 9.2822 9.2822 9.2808 9.2808 9.2808 9.2795
9.3142 9.3121 9.3121 9.3121 9.3109 9.3109 9.3109 9.3101 9.3101 9.3101 9.3103 9.3103 9.3103 9.3105 9.3105 9.3105 9.3097 9.3097 9.3097 9.3074 9.3074 9.3074 9.3022 9.3022 9.3022 9.2975 9.2975 9.2975 9.2949 9.2949 9.2949 9.2933 9.2933 9.2933 9.2923 9.2923 9.2923 9.2915 9.2915 9.2915 9.2908 9.2908 9.2908 9.2901 9.2901 9.2901 9.2893 9.2893 9.2893 9.2884 9.2884 9.2884 9.2876 9.2876 9.2876 9.2867 9.2867 9.2867 9.2854 9.2854 9.2854 9.2839 9.2839 9.2839 9.2822 9.2822 9.2822 9.2808 9.2808 9.2808 9.2795
9.3068 9.3068 9.3068 9.3068 9.3069 9.3069 9.3069 9.3071 9.3071 9.3071 9.3071 9.3071 9.3071 9.3059 9.3059 9.3059 9.3034 9.3034 9.3034 9.3009 9.3009 9.3009 9.2983 9.2983 9.2983 9.2957 9.2957 9.2957 9.2939 9.2939 9.2939 9.2928 9.2928 9.2928 9.2920 9.2920 9.2920 9.2912 9.2912 9.2912 9.2906 9.2906 9.2906 9.2899 9.2899 9.2899 9.2893 9.2893 9.2893 9.2885 9.2885 9.2885 9.2879 9.2879 9.2879 9.2874 9.2874 9.2874 9.2865 9.2865 9.2865 9.2852 9.2852 9.2852 9.2831 9.2831 9.2831 9.2812 9.2812 9.2812 9.2798
9.3068 9.3068 9.3068 9.3068 9.3069 9.3069 9.3069 9.3071 9.3071 9.3071 9.3071 9.3071 9.3071 9.3059 9.3059 9.3059 9.3034 9.3034 9.3034 9.3009 9.3009 9.3009 9.2983 9.2983 9.2983 9.2957 9.2957 9.2957 9.2939 9.2939 9.2939 9.2928 9.2928 9.2928 9.2920 9.2920 9.2920 9.2912 9.2912 9.2912 9.2906 9.2906 9.2906 9.2899 9.2899 9.2899 9.2893 9.2893 9.2893 9.2885 9.2885 9.2885 9.2879 9.2879 9.2879 9.2874 9.2874 9.2874 9.2865 9.2865 9.2865 9.2852 9.2852 9.2852 9.2831 9.2831 9.2831 9.2812 9.2812 9.2812 9.2798
9.3068 9.3068 9.3068 9.3068 9.3069 9.3069 9.3069 9.3071 9.3071 9.3071 9.3071 9.3071 9.3071 9.3059 9.3059 9.3059 9.3034 9.3034 9.3034 9.3009 9.3009 9.3009 9.2983 9.2983 9.2983 9.2957 9.2957 9.2957 9.2939 9.2939 9.2939 9.2928 9.2928 9.2928 9.2920 9.2920 9.2920 9.2912 9.2912 9.2912 9.2906 9.2906 9.2906 9.2899 9.2899 9.2899 9.2893 9.2893 9.2893 9.2885 9.2885 9.2885 9.2879 9.2879 9.2879 9.2874 9.2874 9.2874 9.2865 9.2865 9.2865 9.2852 9.2852 9.2852 9.2831 9.2831 9.2831 9.2812 9.2812 9.2812 9.2798
9.3047 9.3042 9.3042 9.3042 9.3039 9.3039 9.3039 9.3039 9.3039 9.3039 9.3033 9.3033 9.3033 9.3016 9.3016 9.3016 9.2994 9.2994 9.2994 9.2976 9.2976 9.2976 9.2963 9.2963 9.2963 9.2949 9.2949 9.2949 9.2938 9.2938 9.2938 9.2929 9.2929 9.2929 9.2923 9.2923 9.2923 9.2917 9.2917 9.2917 9.2912 9.2912 9.2912 9.2908 9.2908 9.2908 9.2904 9.2904 9.2904 9.2899 9.2899 9.2899 9.2893 9.2893 9.2893 9.2890 9.2890 9.2890 9.2888 9.2888 9.2888 9.2884 9.2884 9.2884 9.2857 9.2857 9.2857 9.2829 9.2829 9.2829 9.2813
9.3047 9.3042 9.3042 9.3042 9.3039 9.3039 9.3039 9.3039 9.3039 9.3039 9.3033 9.3033 9.3033 9.3016 9.3016 9.3016 9.2994 9.2994 9.2994 9.2976 9.2976 9.2976 9.2963 9.2963 9.2963 9.2949 9.2949 9.2949 9.2938 9.2938 9.2938 9.2929 9.2929 9.2929 9.2923 9.2923 9.2923 9.2917 9.2917 9.2917 9.2912 9.2912 9.2912 9.2908 9.2908 9.2908 9.2904 9.2904 9.2904 9.2899 9.2899 9.2899 9.2893 9.2893 9.2893 9.2890 9.2890 9.2890 9.2888 9.2888 9.2888 9.2884 9.2884 9.2884 9.2857 9.2857 9.2857 9.2829 9.2829 9.2829 9.2813
9.3047 9.3042 9.3042 9.3042 9.3039 9.3039 9.3039 9.3039 9.3039 9.3039 9.3033 9.3033 9.3033 9.3016 9.3016 9.3016 9.2994 9.2994 9.2994 9.2976 9.2976 9.2976 9.2963 9.2963 9.2963 9.2949 9.2949 9.2949 9.2938 9.2938 9.2938 9.2929 9.2929 9.2929 9.2923 9.2923 9.2923 9.2917 9.2917 9.2917 9.2912 9.2912 9.2912 9.2908 9.2908 9.2908 9.2904 9.2904 9.2904 9.2899 9.2899 9.2899 9.2893 9.2893 9.2893 9.2890 9.2890 9.2890 9.2888 9.2888 9.2888 9.2884 9.2884 9.2884 9.2857 9.2857 9.2857 9.2829 9.2829 9.2829 9.2813
9.3038 9.3030 9.3030 9.3030 9.3024 9.3024 9.3024 9.3019 9.3019 9.3019 9.3008 9.3008 9.3008 9.2993 9.2993 9.2993 9.2977 9.2977 9.2977 9.2966 9.2966 9.2966 9.2958 9.2958 9.2958 9.2950 9.2950 9.2950 9.2942 9.2942 9.2942 9.2936 9.2936 9.2936 9.2934 9.2934 9.2934 9.2931 9.2931 9.2931 9.2927 9.2927 9.2927 9.2925 9.2925 9.2925 9.2922 9.2922 9.2922 9.2918 9.2918 9.2918 9.2910 9.2910 9.2910 9.2906 9.2906 9.2906 9.2908 9.2908 9.2908 9.2917 9.2917 9.2917 9.2946 9.2946 9.2946 9.2919 9.2919 9.2919 9.2871
9.3038 9.3030 9.3030 9.3030 9.3024 9.3024 9.3024 9.3019 9.3019 9.3019 9.3008 9.3008 9.3008 9.2993 9.2993 9.2993 9.2977 9.2977 9.2977 9.2966 9.2966 9.2966 9.2958 9.2958 9.2958 9.2950 9.2950 9.2950 9.2942 9.2942 9.2942 9.2936 9.2936 9.2936 9.2934 9.2934 9.2934 9.2931 9.2931 9.2931 9.2927 9.2927 9.2927 9.2925 9.2925 9.2925 9.2922 9.2922 9.2922 9.2918 9.2918 9.2918 9.2910 9.2910 9.2910 9.2906 9.2906 9.2906 9.2908 9.2908 9.2908 9.2917 9.2917 9.2917 9.2946 9.2946 9.2946 9.2919 9.2919 9.2919 9.2871
9.3038 9.3030 9.3030 9.3030 9.3024 9.3024 9.3024 9.3019 9.3019 9.3019 9.3008 9.3008 9.3008 9.2993 9.2993 9.2993 9.2977 9.2977 9.2977 9.2966 9.2966 9.2966 9.2958 9.2958 9.2958 9.2950 9.2950 9.2950 9.2942 9.2942 9.2942 9.2936 9.2936 9.2936 9.2934 9.2934 9.2934 9.2931 9.2931 9.2931 9.2927 9.2927 9.2927 9.2925 9.2925 9.2925 9.2922 9.2922 9.2922 9.2918 9.2918 9.2918 9.2910 9.2910 9.2910 9.2906 9.2906 9.2906 9.2908 9.2908 9.2908 9.2917 9.2917 9.2917 9.2946 9.2946 9.2946 9.2919 9.2919 9.2919 9.2871
9.3032 9.3024 9.3024 9.3024 9.3017 9.3017 9.3017 9.3008 9.3008 9.3008 9.2996 9.2996 9.2996 9.2983 9.2983 9.2983 9.2971 9.2971 9.2971 9.2966 9.2966 9.2966 9.2966 9.2966 9.2966 9.2964 9.2964 9.2964 9.2964 9.2964 9.2964 9.2957 9.2957 9.2957 9.2956 9.2956 9.2956 9.2956 9.2956 9.2956 9.2953 9.2953 9.2953 9.2941 9.2941 9.2941 9.2926 9.2926 9.2926 9.2910 9.2910 9.2910 9.2888 9.2888 9.2888 9.2878 9.2878 9.2878 9.2878 9.2878 9.2878 9.2907 9.2907 9.2907 9.2946 9.2946 9.2946 9.2950 9.2950 9.2950 9.2930
9.3032 9.3024 9.3024 9.3024 9.3017 9.3017 9.3017 9.3008 9.3008 9.3008 9.2996 9.2996 9.2996 9.2983 9.2983 9.2983 9.2971 9.2971 9.2971 9.2966 9.2966 9.2966 9.2966 9.2966 9.2966 9.2964 9.2964 9.2964 9.2964 9.2964 9.2964 9.2957 9.2957 9.2957 9.2956 9.2956 9.2956 9.2956 9.2956 9.2956 9.2953 9.2953 9.2953 9.2941 9.2941 9.2941 9.2926 9.2926 9.2926 9.2910 9.2910 9.2910 9.2888 9.2888 9.2888 9.2878 9.2878 9.2878 9.2878 9.2878 9.2878 9.2907 9.2907 9.2907 9.2946 9.2946 9.2946 9.2950 9.2950 9.2950 9.2930
9.3032 9.3024 9.3024 9.3024 9.3017 9.3017 9.3017 9.3008 9.3008 9.3008 9.2996 9.2996 9.2996 9.2983 9.2983 9.2983 9.2971 9.2971 9.2971 9.2966 9.2966 9.2966 9.2966 9.2966 9.2966 9.2964 9.2964 9.2964 9.2964 9.2964 9.2964 9.2957 9.2957 9.2957 9.2956 9.2956 9.2956 9.2956 9.2956 9.2956 9.2953 9.2953 9.2953 9.2941 9.2941 9.2941 9.2926 9.2926 9.2926 9.2910 9.2910 9.2910 9.2888 9.2888 9.2888 9.2878 9.2878 9.2878 9.2878 9.2878 9.2878 9.2907 9.2907 9.2907 9.2946 9.2946 9.2946 9.2950 9.2950 9.2950 9.2930
NaN NaN NaN NaN NaN NaN NaN NaN NaN NaN NaN NaN NaN NaN NaN NaN NaN NaN NaN NaN NaN NaN NaN NaN NaN NaN NaN NaN NaN NaN NaN NaN NaN NaN NaN NaN NaN NaN NaN NaN NaN NaN NaN NaN NaN NaN NaN NaN NaN NaN NaN NaN NaN NaN NaN NaN NaN NaN NaN NaN NaN NaN NaN NaN NaN NaN NaN NaN NaN NaN NaN
