tool_adapters/Deltares_HABITAT/example_maps/Tenryuu_river/standard_maps/oxygen_concentration_watercolumn_feeding_min.asc
ncols          735
nrows          17
xllcorner      -61262.8867
yllcorner      -118292.6406
cellsize       25
[rows 0 to 16 of 17, columns 67 to 133 of 735]
NaN NaN NaN NaN NaN NaN NaN NaN NaN NaN NaN NaN NaN NaN NaN NaN NaN NaN NaN NaN NaN NaN NaN NaN NaN NaN NaN NaN NaN NaN NaN NaN NaN NaN NaN NaN NaN NaN NaN NaN NaN NaN NaN NaN NaN NaN NaN NaN NaN NaN NaN NaN NaN NaN NaN NaN NaN NaN NaN NaN NaN NaN NaN NaN NaN NaN NaN
10.6404 10.6400 10.6400 10.6400 10.6400 10.6400 10.6400 10.6395 10.6395 10.6395 10.6393 10.6393 10.6393 10.6392 10.6392 10.6392 10.6390 10.6390 10.6390 10.6390 10.6390 10.6390 10.6388 10.6388 10.6388 10.6387 10.6387 10.6387 10.6385 10.6385 10.6385 0.0000 0.0000 0.0000 0.0000 0.0000 0.0000 0.0000 0.0000 0.0000 0.0000 0.0000 0.0000 0.0000 0.0000 0.0000 0.0000 0.0000 0.0000 0.0000 0.0000 0.0000 0.0000 0.0000 0.0000 0.0000 0.0000 0.0000 0.0000 0.0000 0.0000 0.0000 0.0000 0.0000 0.0000 0.0000 0.0000
10.6404 10.6400 10.6400 10.6400 10.6400 10.6400 10.6400 10.6395 10.6395 10.6395 10.6393 10.6393 10.6393 10.6392 10.6392 10.6392 10.6390 10.6390 10.6390 10.6390 10.6390 10.6390 10.6388 10.6388 10.6388 10.6387 10.6387 10.6387 10.6385 10.6385 10.6385 0.0000 0.0000 0.0000 0.0000 0.0000 0.0000 0.0000 0.0000 0.0000 0.0000 0.0000 0.0000 0.0000 0.0000 0.0000 0.0000 0.0000 0.0000 0.0000 0.0000 0.0000 0.0000 0.0000 0.0000 0.0000 0.0000 0.0000 0.0000 0.0000 0.0000 0.0000 0.0000 0.0000 0.0000 0.0000 0.0000
10.6404 10.6400 10.6400 10.6400 10.6400 10.6400 10.6400 10.6395 10.6395 10.6395 10.6393 10.6393 10.6393 10.6392 10.6392 10.6392 10.6390 10.6390 10.6390 10.6390 10.6390 10.6390 10.6388 10.6388 10.6388 10.6387 10.6387 10.6387 10.6385 10.6385 10.6385 0.0000 0.0000 0.0000 0.0000 0.0000 0.0000 0.0000 0.0000 0.0000 0.0000 0.0000 0.0000 0.0000 0.0000 0.0000 0.0000 0.0000 0.0000 0.0000 0.0000 0.0000 0.0000 0.0000 0.0000 0.0000 0.0000 0.0000 0.0000 0.0000 0.0000 0.0000 0.0000 0.0000 0.0000 0.0000 0.0000
10.6406 10.6398 10.6398 10.6398 10.6394 10.6394 10.6394 10.6387 10.6387 10.6387 10.6381 10.6381 10.6381 10.6377 10.6377 10.6377 10.6377 10.6377 10.6377 10.6378 10.6378 10.6378 10.6378 10.6378 10.6378 10.6377 10.6377 10.6377 10.6376 10.6376 10.6376 10.6378 10.6378 10.6378 10.6373 10.6373 10.6373 10.6370 10.6370 10.6370 10.6367 10.6367 10.6367 10.6359 10.6359 10.6359 0.0000 0.0000 0.0000 0.0000 0.0000 0.0000 0.0000 0.0000 0.0000 0.0000 0.0000 0.0000 0.0000 0.0000 0.0000 0.0000 0.0000 0.0000 10.6274 10.6274 10.6274
10.6406 10.6398 10.6398 10.6398 10.6394 10.6394 10.6394 10.6387 10.6387 10.6387 10.6381 10.6381 10.6381 10.6377 10.6377 10.6377 10.6377 10.6377 10.6377 10.6378 10.6378 10.6378 10.6378 10.6378 10.6378 10.6377 10.6377 10.6377 10.6376 10.6376 10.6376 10.6378 10.6378 10.6378 10.6373 10.6373 10.6373 10.6370 10.6370 10.6370 10.6367 10.6367 10.6367 10.6359 10.6359 10.6359 0.0000 0.0000 0.0000 0.0000 0.0000 0.0000 0.0000 0.0000 0.0000 0.0000 0.0000 0.0000 0.0000 0.0000 0.0000 0.0000 0.0000 0.0000 10.6274 10.6274 10.6274
10.6406 10.6398 10.6398 10.6398 10.6394 10.6394 10.6394 10.6387 10.6387 10.6387 10.6381 10.6381 10.6381 10.6377 10.6377 10.6377 10.6377 10.6377 10.6377 10.6378 10.6378 10.6378 10.6378 10.6378 10.6378 10.6377 10.6377 10.6377 10.6376 10.6376 10.6376 10.6378 10.6378 10.6378 10.6373 10.6373 10.6373 10.6370 10.6370 10.6370 10.6367 10.6367 10.6367 10.6359 10.6359 10.6359 0.0000 0.0000 0.0000 0.0000 0.0000 0.0000 0.0000 0.0000 0.0000 0.0000 0.0000 0.0000 0.0000 0.0000 0.0000 0.0000 0.0000 0.0000 10.6274 10.6274 10.6274
10.5974 10.6364 10.6364 10.6364 10.6343 10.6343 10.6343 10.6327 10.6327 10.6327 10.6311 10.6311 10.6311 10.6305 10.6305 10.6305 10.6313 10.6313 10.6313 10.6338 10.6338 10.6338 10.6349 10.6349 10.6349 10.6353 10.6353 10.6353 10.6357 10.6357 10.6357 10.6361 10.6361 10.6361 10.6362 10.6362 10.6362 10.6362 10.6362 10.6362 10.6361 10.6361 10.6361 10.6357 10.6357 10.6357 10.3888 10.3888 10.3888 0.0000 0.0000 0.0000 0.0000 0.0000 0.0000 0.0000 0.0000 0.0000 0.0000 0.0000 0.0000 10.6292 10.6292 10.6292 10.6297 10.6297 10.6297
10.5974 10.6364 10.6364 10.6364 10.6343 10.6343 10.6343 10.6327 10.6327 10.6327 10.6311 10.6311 10.6311 10.6305 10.6305 10.6305 10.6313 10.6313 10.6313 10.6338 10.6338 10.6338 10.6349 10.6349 10.6349 10.6353 10.6353 10.6353 10.6357 10.6357 10.6357 10.6361 10.6361 10.6361 10.6362 10.6362 10.6362 10.6362 10.6362 10.6362 10.6361 10.6361 10.6361 10.6357 10.6357 10.6357 10.3888 10.3888 10.3888 0.0000 0.0000 0.0000 0.0000 0.0000 0.0000 0.0000 0.0000 0.0000 0.0000 0.0000 0.0000 10.6292 10.6292 10.6292 10.6297 10.6297 10.6297
10.5974 10.6364 10.6364 10.6364 10.6343 10.6343 10.6343 10.6327 10.6327 10.6327 10.6311 10.6311 10.6311 10.6305 10.6305 10.6305 10.6313 10.6313 10.6313 10.6338 10.6338 10.6338 10.6349 10.6349 10.6349 10.6353 10.6353 10.6353 10.6357 10.6357 10.6357 10.6361 10.6361 10.6361 10.6362 10.6362 10.6362 10.6362 10.6362 10.6362 10.6361 10.6361 10.6361 10.6357 10.6357 10.6357 10.3888 10.3888 10.3888 0.0000 0.0000 0.0000 0.0000 0.0000 0.0000 0.0000 0.0000 0.0000 0.0000 0.0000 0.0000 10.6292 10.6292 10.6292 10.6297 10.6297 10.6297
10.5848 10.5845 10.5845 10.5845 0.0000 0.0000 0.0000 0.0000 0.0000 0.0000 0.0000 0.0000 0.0000 0.0000 0.0000 0.0000 0.0000 0.0000 0.0000 0.0000 0.0000 0.0000 0.0000 0.0000 0.0000 0.0000 0.0000 0.0000 0.0000 0.0000 0.0000 0.0000 0.0000 0.0000 10.6355 10.6355 10.6355 10.6357 10.6357 10.6357 10.6357 10.6357 10.6357 10.6355 10.6355 10.6355 10.6351 10.6351 10.6351 10.6322 10.6322 10.6322 10.5564 10.5564 10.5564 10.6316 10.6316 10.6316 10.6315 10.6315 10.6315 10.6314 10.6314 10.6314 10.6312 10.6312 10.6312
10.5848 10.5845 10.5845 10.5845 0.0000 0.0000 0.0000 0.0000 0.0000 0.0000 0.0000 0.0000 0.0000 0.0000 0.0000 0.0000 0.0000 0.0000 0.0000 0.0000 0.0000 0.0000 0.0000 0.0000 0.0000 0.0000 0.0000 0.0000 0.0000 0.0000 0.0000 0.0000 0.0000 0.0000 10.6355 10.6355 10.6355 10.6357 10.6357 10.6357 10.6357 10.6357 10.6357 10.6355 10.6355 10.6355 10.6351 10.6351 10.6351 10.6322 10.6322 10.6322 10.5564 10.5564 10.5564 10.6316 10.6316 10.6316 10.6315 10.6315 10.6315 10.6314 10.6314 10.6314 10.6312 10.6312 10.6312
10.5848 10.5845 10.5845 10.5845 0.0000 0.0000 0.0000 0.0000 0.0000 0.0000 0.0000 0.0000 0.0000 0.0000 0.0000 0.0000 0.0000 0.0000 0.0000 0.0000 0.0000 0.0000 0.0000 0.0000 0.0000 0.0000 0.0000 0.0000 0.0000 0.0000 0.0000 0.0000 0.0000 0.0000 10.6355 10.6355 10.6355 10.6357 10.6357 10.6357 10.6357 10.6357 10.6357 10.6355 10.6355 10.6355 10.6351 10.6351 10.6351 10.6322 10.6322 10.6322 10.5564 10.5564 10.5564 10.6316 10.6316 10.6316 10.6315 10.6315 10.6315 10.6314 10.6314 10.6314 10.6312 10.6312 10.6312
0.0000 0.0000 0.0000 0.0000 0.0000 0.0000 0.0000 0.0000 0.0000 0.0000 0.0000 0.0000 0.0000 0.0000 0.0000 0.0000 0.0000 0.0000 0.0000 0.0000 0.0000 0.0000 0.0000 0.0000 0.0000 0.0000 0.0000 0.0000 0.0000 0.0000 0.0000 0.0000 0.0000 0.0000 0.0000 0.0000 0.0000 0.0000 0.0000 0.0000 10.6349 10.6349 10.6349 10.6350 10.6350 10.6350 10.6345 10.6345 10.6345 10.6339 10.6339 10.6339 10.6333 10.6333 10.6333 10.6329 10.6329 10.6329 10.6326 10.6326 10.6326 10.6324 10.6324 10.6324 10.6321 10.6321 10.6321
0.0000 0.0000 0.0000 0.0000 0.0000 0.0000 0.0000 0.0000 0.0000 0.0000 0.0000 0.0000 0.0000 0.0000 0.0000 0.0000 0.0000 0.0000 0.0000 0.0000 0.0000 0.0000 0.0000 0.0000 0.0000 0.0000 0.0000 0.0000 0.0000 0.0000 0.0000 0.0000 0.0000 0.0000 0.0000 0.0000 0.0000 0.0000 0.0000 0.0000 10.6349 10.6349 10.6349 10.6350 10.6350 10.6350 10.6345 10.6345 10.6345 10.6339 10.6339 10.6339 10.6333 10.6333 10.6333 10.6329 10.6329 10.6329 10.6326 10.6326 10.6326 10.6324 10.6324 10.6324 10.6321 10.6321 10.6321
0.0000 0.0000 0.0000 0.0000 0.0000 0.0000 0.0000 0.0000 0.0000 0.0000 0.0000 0.0000 0.0000 0.0000 0.0000 0.0000 0.0000 0.0000 0.0000 0.0000 0.0000 0.0000 0.0000 0.0000 0.0000 0.0000 0.0000 0.0000 0.0000 0.0000 0.0000 0.0000 0.0000 0.0000 0.0000 0.0000 0.0000 0.0000 0.0000 0.0000 10.6349 10.6349 10.6349 10.6350 10.6350 10.6350 10.6345 10.6345 10.6345 10.6339 10.6339 10.6339 10.6333 10.6333 10.6333 10.6329 10.6329 10.6329 10.6326 10.6326 10.6326 10.6324 10.6324 10.6324 10.6321 10.6321 10.6321
NaN NaN NaN NaN NaN NaN NaN NaN NaN NaN NaN NaN NaN NaN NaN NaN NaN NaN NaN NaN NaN NaN NaN NaN NaN NaN NaN NaN NaN NaN NaN NaN NaN NaN NaN NaN NaN NaN NaN NaN NaN NaN NaN NaN NaN NaN NaN NaN NaN NaN NaN NaN NaN NaN NaN NaN NaN NaN NaN NaN NaN NaN NaN NaN NaN NaN NaN
