tool_adapters/Deltares_HABITAT/example_maps/Tenryuu_river/standard_maps/oxygen_concentration_watercolumn_descending_min.asc
ncols          735
nrows          17
xllcorner      -61262.8867
yllcorner      -118292.6406
cellsize       25
[rows 0 to 16 of 17, columns 621 to 689 of 735]
NaN NaN NaN NaN NaN NaN NaN NaN NaN NaN NaN NaN NaN NaN NaN NaN NaN NaN NaN NaN NaN NaN NaN NaN NaN NaN NaN NaN NaN NaN NaN NaN NaN NaN NaN NaN NaN NaN NaN NaN NaN NaN NaN NaN NaN NaN NaN NaN NaN NaN NaN NaN NaN NaN NaN NaN NaN NaN NaN NaN NaN NaN NaN NaN NaN NaN NaN NaN NaN
10.5417 10.5417 10.5423 10.5423 10.5423 10.4424 10.4424 10.4424 10.4134 10.4134 10.4134 10.4725 10.4725 10.4725 10.4238 10.4238 10.4238 10.4345 10.4345 10.4345 10.4471 10.4471 10.4471 10.4607 10.4607 10.4607 10.4726 10.4726 10.4726 10.4836 10.4836 10.4836 9.8957 9.8957 9.8957 10.0712 10.0712 10.0712 10.0373 10.0373 10.0373 9.9749 9.9749 9.9749 9.8879 9.8879 9.8879 9.9833 9.9833 9.9833 10.1958 10.1958 10.1958 10.5414 10.5414 10.5414 10.5435 10.5435 10.5435 10.5428 10.5428 10.5428 10.5424 10.5424 10.5424 10.5384 10.5384 10.5384 10.5383
10.5417 10.5417 10.5423 10.5423 10.5423 10.4424 10.4424 10.4424 10.4134 10.4134 10.4134 10.4725 10.4725 10.4725 10.4238 10.4238 10.4238 10.4345 10.4345 10.4345 10.4471 10.4471 10.4471 10.4607 10.4607 10.4607 10.4726 10.4726 10.4726 10.4836 10.4836 10.4836 9.8957 9.8957 9.8957 10.0712 10.0712 10.0712 10.0373 10.0373 10.0373 9.9749 9.9749 9.9749 9.8879 9.8879 9.8879 9.9833 9.9833 9.9833 10.1958 10.1958 10.1958 10.5414 10.5414 10.5414 10.5435 10.5435 10.5435 10.5428 10.5428 10.5428 10.5424 10.5424 10.5424 10.5384 10.5384 10.5384 10.5383
10.5417 10.5417 10.5423 10.5423 10.5423 10.4424 10.4424 10.4424 10.4134 10.4134 10.4134 10.4725 10.4725 10.4725 10.4238 10.4238 10.4238 10.4345 10.4345 10.4345 10.4471 10.4471 10.4471 10.4607 10.4607 10.4607 10.4726 10.4726 10.4726 10.4836 10.4836 10.4836 9.8957 9.8957 9.8957 10.0712 10.0712 10.0712 10.0373 10.0373 10.0373 9.9749 9.9749 9.9749 9.8879 9.8879 9.8879 9.9833 9.9833 9.9833 10.1958 10.1958 10.1958 10.5414 10.5414 10.5414 10.5435 10.5435 10.5435 10.5428 10.5428 10.5428 10.5424 10.5424 10.5424 10.5384 10.5384 10.5384 10.5383
10.5436 10.5436 10.5446 10.5446 10.5446 10.5443 10.5443 10.5443 10.2793 10.2793 10.2793 10.3362 10.3362 10.3362 10.4019 10.4019 10.4019 10.4251 10.4251 10.4251 10.4397 10.4397 10.4397 9.9617 9.9617 9.9617 9.8524 9.8524 9.8524 9.8506 9.8506 9.8506 9.8523 9.8523 9.8523 9.8525 9.8525 9.8525 9.8531 9.8531 9.8531 9.8536 9.8536 9.8536 9.8536 9.8536 9.8536 9.8577 9.8577 9.8577 9.8579 9.8579 9.8579 9.8581 9.8581 9.8581 9.8583 9.8583 9.8583 9.8583 9.8583 9.8583 9.8585 9.8585 9.8585 9.8596 9.8596 9.8596 9.8740
10.5436 10.5436 10.5446 10.5446 10.5446 10.5443 10.5443 10.5443 10.2793 10.2793 10.2793 10.3362 10.3362 10.3362 10.4019 10.4019 10.4019 10.4251 10.4251 10.4251 10.4397 10.4397 10.4397 9.9617 9.9617 9.9617 9.8524 9.8524 9.8524 9.8506 9.8506 9.8506 9.8523 9.8523 9.8523 9.8525 9.8525 9.8525 9.8531 9.8531 9.8531 9.8536 9.8536 9.8536 9.8536 9.8536 9.8536 9.8577 9.8577 9.8577 9.8579 9.8579 9.8579 9.8581 9.8581 9.8581 9.8583 9.8583 9.8583 9.8583 9.8583 9.8583 9.8585 9.8585 9.8585 9.8596 9.8596 9.8596 9.8740
10.5436 10.5436 10.5446 10.5446 10.5446 10.5443 10.5443 10.5443 10.2793 10.2793 10.2793 10.3362 10.3362 10.3362 10.4019 10.4019 10.4019 10.4251 10.4251 10.4251 10.4397 10.4397 10.4397 9.9617 9.9617 9.9617 9.8524 9.8524 9.8524 9.8506 9.8506 9.8506 9.8523 9.8523 9.8523 9.8525 9.8525 9.8525 9.8531 9.8531 9.8531 9.8536 9.8536 9.8536 9.8536 9.8536 9.8536 9.8577 9.8577 9.8577 9.8579 9.8579 9.8579 9.8581 9.8581 9.8581 9.8583 9.8583 9.8583 9.8583 9.8583 9.8583 9.8585 9.8585 9.8585 9.8596 9.8596 9.8596 9.8740
9.8509 9.8509 9.8787 9.8787 9.8787 9.8594 9.8594 9.8594 9.8490 9.8490 9.8490 9.8475 9.8475 9.8475 9.8476 9.8476 9.8476 9.8480 9.8480 9.8480 9.8483 9.8483 9.8483 9.8483 9.8483 9.8483 9.8485 9.8485 9.8485 9.8487 9.8487 9.8487 9.8547 9.8547 9.8547 10.5434 10.5434 10.5434 10.5417 10.5417 10.5417 10.5413 10.5413 10.5413 10.5417 10.5417 10.5417 10.5416 10.5416 10.5416 10.5418 10.5418 10.5418 10.5422 10.5422 10.5422 10.5440 10.5440 10.5440 9.8599 9.8599 9.8599 9.8591 9.8591 9.8591 9.8592 9.8592 9.8592 9.8599
9.8509 9.8509 9.8787 9.8787 9.8787 9.8594 9.8594 9.8594 9.8490 9.8490 9.8490 9.8475 9.8475 9.8475 9.8476 9.8476 9.8476 9.8480 9.8480 9.8480 9.8483 9.8483 9.8483 9.8483 9.8483 9.8483 9.8485 9.8485 9.8485 9.8487 9.8487 9.8487 9.8547 9.8547 9.8547 10.5434 10.5434 10.5434 10.5417 10.5417 10.5417 10.5413 10.5413 10.5413 10.5417 10.5417 10.5417 10.5416 10.5416 10.5416 10.5418 10.5418 10.5418 10.5422 10.5422 10.5422 10.5440 10.5440 10.5440 9.8599 9.8599 9.8599 9.8591 9.8591 9.8591 9.8592 9.8592 9.8592 9.8599
9.8509 9.8509 9.8787 9.8787 9.8787 9.8594 9.8594 9.8594 9.8490 9.8490 9.8490 9.8475 9.8475 9.8475 9.8476 9.8476 9.8476 9.8480 9.8480 9.8480 9.8483 9.8483 9.8483 9.8483 9.8483 9.8483 9.8485 9.8485 9.8485 9.8487 9.8487 9.8487 9.8547 9.8547 9.8547 10.5434 10.5434 10.5434 10.5417 10.5417 10.5417 10.5413 10.5413 10.5413 10.5417 10.5417 10.5417 10.5416 10.5416 10.5416 10.5418 10.5418 10.5418 10.5422 10.5422 10.5422 10.5440 10.5440 10.5440 9.8599 9.8599 9.8599 9.8591 9.8591 9.8591 9.8592 9.8592 9.8592 9.8599
9.8414 9.8414 9.8421 9.8421 9.8421 9.8422 9.8422 9.8422 9.8424 9.8424 9.8424 9.8426 9.8426 9.8426 9.8465 9.8465 9.8465 10.2120 10.2120 10.2120 10.3216 10.3216 10.3216 10.3775 10.3775 10.3775 10.4009 10.4009 10.4009 10.4333 10.4333 10.4333 10.4442 10.4442 10.4442 10.5435 10.5435 10.5435 10.5416 10.5416 10.5416 10.5390 10.5390 10.5390 10.5418 10.5418 10.5418 10.5426 10.5426 10.5426 10.5421 10.5421 10.5421 10.5415 10.5415 10.5415 10.5414 10.5414 10.5414 10.5404 10.5404 10.5404 10.5368 10.5368 10.5368 10.5366 10.5366 10.5366 9.8805
9.8414 9.8414 9.8421 9.8421 9.8421 9.8422 9.8422 9.8422 9.8424 9.8424 9.8424 9.8426 9.8426 9.8426 9.8465 9.8465 9.8465 10.2120 10.2120 10.2120 10.3216 10.3216 10.3216 10.3775 10.3775 10.3775 10.4009 10.4009 10.4009 10.4333 10.4333 10.4333 10.4442 10.4442 10.4442 10.5435 10.5435 10.5435 10.5416 10.5416 10.5416 10.5390 10.5390 10.5390 10.5418 10.5418 10.5418 10.5426 10.5426 10.5426 10.5421 10.5421 10.5421 10.5415 10.5415 10.5415 10.5414 10.5414 10.5414 10.5404 10.5404 10.5404 10.5368 10.5368 10.5368 10.5366 10.5366 10.5366 9.8805
9.8414 9.8414 9.8421 9.8421 9.8421 9.8422 9.8422 9.8422 9.8424 9.8424 9.8424 9.8426 9.8426 9.8426 9.8465 9.8465 9.8465 10.2120 10.2120 10.2120 10.3216 10.3216 10.3216 10.3775 10.3775 10.3775 10.4009 10.4009 10.4009 10.4333 10.4333 10.4333 10.4442 10.4442 10.4442 10.5435 10.5435 10.5435 10.5416 10.5416 10.5416 10.5390 10.5390 10.5390 10.5418 10.5418 10.5418 10.5426 10.5426 10.5426 10.5421 10.5421 10.5421 10.5415 10.5415 10.5415 10.5414 10.5414 10.5414 10.5404 10.5404 10.5404 10.5368 10.5368 10.5368 10.5366 10.5366 10.5366 9.8805
10.5412 10.5412 10.5406 10.5406 10.5406 10.5384 10.5384 10.5384 10.5379 10.5379 10.5379 10.5377 10.5377 10.5377 10.5378 10.5378 10.5378 10.5395 10.5395 10.5395 10.5397 10.5397 10.5397 10.5419 10.5419 10.5419 10.5375 10.5375 10.5375 10.5367 10.5367 10.5367 10.5366 10.5366 10.5366 10.5369 10.5369 10.5369 10.5382 10.5382 10.5382 10.5409 10.5409 10.5409 10.5417 10.5417 10.5417 10.5427 10.5427 10.5427 10.5422 10.5422 10.5422 10.5415 10.5415 10.5415 10.5411 10.5411 10.5411 10.5406 10.5406 10.5406 10.5398 10.5398 10.5398 10.5384 10.5384 10.5384 10.5306
10.5412 10.5412 10.5406 10.5406 10.5406 10.5384 10.5384 10.5384 10.5379 10.5379 10.5379 10.5377 10.5377 10.5377 10.5378 10.5378 10.5378 10.5395 10.5395 10.5395 10.5397 10.5397 10.5397 10.5419 10.5419 10.5419 10.5375 10.5375 10.5375 10.5367 10.5367 10.5367 10.5366 10.5366 10.5366 10.5369 10.5369 10.5369 10.5382 10.5382 10.5382 10.5409 10.5409 10.5409 10.5417 10.5417 10.5417 10.5427 10.5427 10.5427 10.5422 10.5422 10.5422 10.5415 10.5415 10.5415 10.5411 10.5411 10.5411 10.5406 10.5406 10.5406 10.5398 10.5398 10.5398 10.5384 10.5384 10.5384 10.5306
10.5412 10.5412 10.5406 10.5406 10.5406 10.5384 10.5384 10.5384 10.5379 10.5379 10.5379 10.5377 10.5377 10.5377 10.5378 10.5378 10.5378 10.5395 10.5395 10.5395 10.5397 10.5397 10.5397 10.5419 10.5419 10.5419 10.5375 10.5375 10.5375 10.5367 10.5367 10.5367 10.5366 10.5366 10.5366 10.5369 10.5369 10.5369 10.5382 10.5382 10.5382 10.5409 10.5409 10.5409 10.5417 10.5417 10.5417 10.5427 10.5427 10.5427 10.5422 10.5422 10.5422 10.5415 10.5415 10.5415 10.5411 10.5411 10.5411 10.5406 10.5406 10.5406 10.5398 10.5398 10.5398 10.5384 10.5384 10.5384 10.5306
NaN NaN NaN NaN NaN NaN NaN NaN NaN NaN NaN NaN NaN NaN NaN NaN NaN NaN NaN NaN NaN NaN NaN NaN NaN NaN NaN NaN NaN NaN NaN NaN NaN NaN NaN NaN NaN NaN NaN NaN NaN NaN NaN NaN NaN NaN NaN NaN NaN NaN NaN NaN NaN NaN NaN NaN NaN NaN NaN NaN NaN NaN NaN NaN NaN NaN NaN NaN NaN
