tool_adapters/Deltares_HABITAT/example_maps/Tenryuu_river/standard_maps/suspended_sediment_feeding_max.asc
ncols          735
nrows          17
xllcorner      -61262.8867
yllcorner      -118292.6406
cellsize       25
[rows 0 to 16 of 17, columns 480 to 539 of 735]
0.0000 0.0000 0.0000 0.0000 0.0000 0.0000 0.0000 0.0000 0.0000 0.0000 0.0000 0.0000 0.0000 0.0000 0.0000 0.0000 0.0000 0.0000 0.0000 0.0000 0.0000 0.0000 0.0000 0.0000 0.0000 0.0000 0.0000 0.0000 0.0000 0.0000 0.0000 0.0000 0.0000 0.0000 0.0000 0.0000 0.0000 0.0000 0.0000 0.0000 0.0000 0.0000 0.0000 0.0000 0.0000 0.0000 0.0000 0.0000 0.0000 0.0000 0.0000 0.0000 0.0000 0.0000 0.0000 0.0000 0.0000 0.0000 0.0000 0.0000
624.2944 156.1757 191.4343 362.9060 472.7653 565.2668 635.9816 709.4809 835.0723 849.8203 802.7136 725.6408 703.9391 708.6435 709.6454 723.1702 752.2768 732.3162 597.4388 467.6345 321.4646 358.5274 86.2133 50.9867 1.8447 0.0000 0.0000 0.0000 0.0000 0.0000 2.7763 5.4943 8.5686 6.1899 4.2261 0.0000 0.0000 0.0000 0.0000 0.0000 0.0000 0.0000 0.0000 0.0000 0.0000 0.0000 0.0000 0.0000 0.0000 0.0000 0.0000 0.0000 0.0000 0.0000 0.0000 0.0000 0.0000 0.0000 0.0000 0.0000
3325.4757 3243.8468 3271.1158 3255.4540 3254.9564 3219.5417 3135.1670 3054.5886 2971.3899 2965.5202 3042.9751 3164.2320 3188.7838 3114.1895 2970.0656 2741.7313 2472.9942 2239.2327 2031.3569 1898.8207 1666.4148 1521.2617 1240.2301 709.3234 304.8192 0.0000 0.0000 0.0000 309.0460 486.6241 540.8309 572.9925 631.7013 685.4886 724.4539 752.1081 764.8024 772.1321 772.3422 767.7111 767.9849 770.3955 774.6373 777.2651 776.5221 765.8487 749.0133 730.0062 708.4120 680.2823 648.5276 613.6809 587.2804 557.4274 524.8782 489.6272 452.3965 423.1410 402.0156 383.9284
4186.4997 4278.7043 4239.9952 4122.4226 3982.5562 3844.9634 3720.9618 3605.9409 3505.1595 3462.9734 3457.7690 3492.5643 3544.0842 3575.0171 3551.1807 3441.1250 3272.1576 3137.1137 3061.5304 3073.2469 3212.8558 3471.1402 3760.4964 3765.0219 3535.7940 3440.7224 3430.1184 3408.0688 3295.0335 3147.6161 3007.9199 2886.1612 2766.1770 2649.9945 2543.3704 2447.7595 2367.3233 2298.2651 2238.2403 2183.4405 2127.2711 2068.9438 2008.0483 1944.9493 1879.2566 1813.4838 1751.0804 1697.9281 1652.4562 1626.2276 1600.9206 1575.9999 1550.7861 1532.2137 1510.0287 1485.2490 1454.5879 1412.5062 1362.4955 1311.2686
4192.2580 4200.2841 4155.2699 4059.8431 3940.1896 3815.6035 3695.3750 3593.0011 3510.7332 3456.6053 3423.7504 3409.3039 3408.1823 3421.4284 3437.7056 3439.6934 3392.9497 3315.6521 3260.1360 3245.4541 3307.6987 3455.9801 3674.6930 4048.5902 4060.1258 3975.0640 3904.6810 3816.2160 3683.7844 3550.2842 3418.5036 3295.0154 3173.8410 3059.7020 2951.0628 2849.0612 2752.7495 2664.1288 2586.2536 2517.0016 2457.0445 2405.3366 2360.3658 2324.9872 2300.5527 2285.3056 2275.3962 2264.3532 2251.3705 2235.2034 2215.4963 2193.0040 2169.9220 2147.1592 2121.8049 2093.9196 2066.7316 2041.2910 2013.9738 1988.1869
3859.1551 3723.1706 3607.8532 3500.6179 3400.0133 3308.3337 3227.1195 3162.5176 3110.9279 3074.6560 3057.7312 3054.0605 3055.5654 3065.2271 3077.0795 3100.1212 3124.4319 3130.9953 3094.9340 3027.6231 2924.8997 2843.9008 2857.2139 3253.3138 3723.4094 3883.5218 3976.1356 4105.8390 4027.9567 3936.6187 3871.8745 3808.7909 3726.5896 3627.5799 3514.0869 3390.3949 3260.8626 3128.6847 2998.2301 2868.1046 2742.5896 2626.3464 2523.5039 2435.5378 2363.6260 2306.7574 2263.8911 2234.3171 2216.4592 2208.5613 2208.1907 2212.4945 2219.5751 2228.4995 2238.6560 2249.9075 2261.3382 2273.4754 2287.1274 2302.0488
3332.8992 3163.5954 3017.1298 2892.4206 2791.3400 2711.5148 2649.0003 2601.6869 2568.8556 2553.0158 2554.0245 2567.0399 2587.4441 2615.7323 2643.9078 2685.6933 2735.8736 2791.0823 2842.2512 2861.8018 2758.8508 2514.6162 2131.2743 1769.2508 1663.0069 1142.1786 0.0000 0.0000 407.6663 610.0607 817.2147 1006.7738 1190.1787 1364.4236 1526.4285 1675.9489 1804.7816 1911.3894 1993.9627 2055.4637 2095.1696 2114.1317 2115.2020 2101.4307 2079.1132 2054.2542 2029.6067 2006.2310 1984.6482 1963.8025 1945.0304 1929.1580 1916.9652 1909.2575 1906.7112 1910.0516 1919.6064 1934.9972 1955.4202 1980.6418
2705.3475 2576.5150 2462.5939 2361.9780 2280.3064 2218.5432 2171.8858 2137.8663 2116.2237 2107.4499 2112.6597 2127.5716 2151.7574 2185.6492 2223.5504 2279.6773 2345.1299 2424.0221 2514.6055 2644.7373 2884.6871 3167.7891 3511.4026 3850.0814 3259.8268 2955.3063 2850.0220 2737.7274 2602.9479 2503.6335 2423.0482 2356.2761 2298.8502 2251.9407 2215.0228 2187.6352 2168.5933 2155.9976 2148.2185 2143.5836 2140.5451 2137.4430 2131.7498 2120.0117 2099.4112 2069.7543 2032.5093 1990.0052 1946.3527 1938.9457 1924.5789 1903.9710 1878.1639 1851.4849 1824.8146 1795.6491 1769.2359 1738.8620 1708.4361 1679.1775
2083.2511 2006.0181 1940.2764 1885.1353 1841.6163 1809.1545 1786.7942 1775.2476 1772.3182 1776.7791 1790.2446 1808.7261 1834.1740 1865.8779 1902.8739 1958.3489 2019.7151 2089.9367 2169.1414 2249.0800 2366.9807 2571.7635 2940.3190 3571.3681 3738.5593 3617.7703 3483.6515 3380.4580 3224.6166 3096.2902 2981.7407 2886.3352 2822.9185 2771.2382 2724.8426 2683.7632 2648.4926 2618.0263 2589.2568 2567.4411 2543.2508 2512.4774 2470.4957 2437.3326 2422.3738 2398.5306 2364.4399 2319.8651 2266.1974 2206.3742 2144.5623 2092.6607 2066.7436 2040.7207 2016.3041 2005.2230 1982.7870 1949.5976 1917.3328 1881.5399
1571.2676 1526.5249 1492.7136 1465.4027 1450.8542 1446.4185 1451.7092 1465.2332 1485.4758 1510.5857 1541.7130 1574.7285 1612.3293 1651.6044 1693.7818 1750.1580 1809.3637 1874.1310 1918.4270 1939.6332 1908.7320 1867.0068 1936.7759 2434.1611 2967.7969 3339.7032 3559.5080 3836.4072 3804.5120 3769.3783 3774.3906 3843.9656 3947.5969 4011.5101 3986.7162 3857.8615 3635.4494 3490.4763 3420.4235 3317.4964 3289.1714 3236.3999 3224.4602 3167.4495 3086.4232 3028.5791 2939.9987 2838.3705 2740.3586 2686.8703 2639.6609 2583.7766 2524.1600 2466.4527 2413.8540 2366.4867 2324.0556 2286.2949 2253.1150 2224.4949
1157.2393 1132.0210 1117.1438 1109.7171 1113.5796 1127.8314 1150.5795 1181.1408 1218.3787 1260.2987 1308.3886 1358.3565 1413.4170 1468.9844 1526.9635 1597.2238 1670.3315 1755.5472 1836.8529 1886.0627 1927.4803 1868.4373 1703.1405 1467.0052 1218.1754 658.1274 0.0000 0.0000 602.4019 1004.3751 1368.8763 1655.2393 1922.5665 2166.1144 2388.0023 2598.7883 2791.7295 2950.5340 3052.1476 3093.0730 3076.1073 3018.1924 2938.6266 2857.0441 2883.5240 2880.8390 2897.7745 2892.5527 2887.2758 2891.5168 2888.1070 2882.1172 2875.8010 2869.2026 2860.8158 2850.0821 2838.1019 2826.6105 2816.7706 2809.0658
782.0261 773.0253 774.6609 781.2746 794.9117 816.8894 846.4183 882.5530 925.6174 974.1543 1029.4846 1088.0497 1153.6615 1221.2144 1294.4834 1378.3392 1481.4460 1619.8813 1917.2848 2309.6960 2730.9370 3001.1235 3180.6341 3115.3009 2699.1501 2408.5491 2263.5519 2114.5000 1980.9620 1923.6103 1897.3643 1863.0357 1801.0504 1758.0159 1782.4668 1794.1141 1851.8480 1881.4478 1887.4209 1903.6146 2029.7850 2142.5973 2240.1665 2323.8360 2395.3394 2452.1297 2496.3367 2530.1016 2553.6312 2568.4071 2577.6208 2579.6542 2569.5954 2562.2755 2578.6684 2592.6831 2608.4800 2628.2913 2647.5090 2659.9412
409.8171 421.3751 434.3162 446.4893 461.8820 482.0960 506.3546 534.5379 569.1807 607.9928 653.7266 704.1073 762.6312 826.4088 903.8415 997.5967 1102.9475 1232.1798 1449.8002 1782.1709 2240.7330 2666.6113 2921.9671 3135.0851 2997.7851 2746.7811 2505.4859 2419.2527 2315.3950 2224.9371 2147.3886 2130.3212 2176.4976 2243.4762 2253.5060 2198.2545 2110.4987 2089.1688 2128.6406 2149.2308 2280.7457 2347.4549 2376.5758 2388.1566 2393.5258 2397.6770 2413.4243 2427.8754 2438.3937 2462.4709 2473.9235 2467.6575 2452.9785 2439.5693 2427.4149 2408.4837 2383.2493 2347.9277 2307.5860 2279.1222
194.4738 227.6514 267.8524 304.8835 323.3558 325.9200 315.7510 300.8183 297.6273 312.9608 330.2154 343.2774 354.9785 399.8927 441.3363 467.8485 494.0081 541.0767 620.4673 708.3101 806.8417 916.7607 1101.2728 1369.9530 1676.4975 1962.8122 2169.7896 2344.4560 2478.9287 2596.4818 2699.6539 3163.4527 3618.1582 3769.5356 3804.5861 3790.2997 3727.1155 3635.8194 3525.8817 3394.9680 3265.3816 3165.4601 3055.5899 2952.8447 2863.2656 2801.5465 2740.4126 2663.8261 2581.8764 2492.6133 2415.9663 2380.0373 2347.3779 2347.4604 2330.4117 2314.2662 2317.9212 2326.1410 2317.9711 2328.5204
141.5076 170.9475 203.9265 233.2379 193.5376 186.1983 184.1358 186.7039 188.8138 196.7187 208.5269 215.4312 219.7012 220.6372 221.1095 205.7978 177.0438 154.9091 132.6962 107.2098 89.4468 59.7694 23.6858 9.4178 0.4951 0.0000 0.0000 0.0000 0.0000 0.0000 1.6363 6.8367 1152.4253 1004.9034 943.3289 883.7990 805.7136 824.3532 857.0819 824.3451 874.5228 832.8715 849.6892 872.8405 883.6797 873.2782 857.1458 832.3839 807.7396 774.6796 741.7088 725.0657 702.4951 682.2395 649.5806 615.3517 589.9900 563.5154 530.1363 517.3693
0.6390 0.7165 0.7999 0.9192 4.1249 11.2573 31.4924 48.7507 55.2756 44.1629 21.3348 0.4353 0.0000 0.0000 0.0000 0.0000 0.0000 0.0000 0.0000 0.0000 0.0000 0.0000 0.0000 0.0000 0.0000 0.0000 0.0000 0.0000 0.0000 0.0000 0.0000 0.0000 0.0000 0.0000 0.0000 0.0000 0.0000 0.0000 0.0000 0.0000 0.0000 0.0000 0.0000 0.0000 0.0000 0.0000 0.0000 0.0000 0.9656 0.1349 0.0000 0.0000 0.0000 0.0000 0.0000 0.0000 0.0000 0.0000 0.0000 0.0000
0.0000 0.0000 0.0000 0.0000 0.0000 0.0000 0.0000 0.0000 0.0000 0.0000 0.0000 0.0000 0.0000 0.0000 0.0000 0.0000 0.0000 0.0000 0.0000 0.0000 0.0000 0.0000 0.0000 0.0000 0.0000 0.0000 0.0000 0.0000 0.0000 0.0000 0.0000 0.0000 0.0000 0.0000 0.0000 0.0000 0.0000 0.0000 0.0000 0.0000 0.0000 0.0000 0.0000 0.0000 0.0000 0.0000 0.0000 0.0000 0.0000 0.0000 0.0000 0.0000 0.0000 0.0000 0.0000 0.0000 0.0000 0.0000 0.0000 0.0000
