tool_adapters/Deltares_HABITAT/example_maps/Tenryuu_river/standard_maps/suspended_sediment_descending_max.asc
ncols          735
nrows          17
xllcorner      -61262.8867
yllcorner      -118292.6406
cellsize       25
[rows 0 to 16 of 17, columns 0 to 67 of 735]
0.0000 0.0000 0.0000 0.0000 0.0000 0.0000 0.0000 0.0000 0.0000 0.0000 0.0000 0.0000 0.0000 0.0000 0.0000 0.0000 0.0000 0.0000 0.0000 0.0000 0.0000 0.0000 0.0000 0.0000 0.0000 0.0000 0.0000 0.0000 0.0000 0.0000 0.0000 0.0000 0.0000 0.0000 0.0000 0.0000 0.0000 0.0000 0.0000 0.0000 0.0000 0.0000 0.0000 0.0000 0.0000 0.0000 0.0000 0.0000 0.0000 0.0000 0.0000 0.0000 0.0000 0.0000 0.0000 0.0000 0.0000 0.0000 0.0000 0.0000 0.0000 0.0000 0.0000 0.0000 0.0000 0.0000 0.0000 0.0000
0.0000 0.0000 0.0000 0.0000 0.0000 0.0000 0.0000 0.0000 0.0000 0.0000 0.0000 0.0000 0.0000 0.0000 0.0000 0.0000 0.0000 0.0000 0.0000 0.0000 0.0000 0.0000 0.0000 0.0000 0.0000 0.0000 0.0000 0.0000 0.0000 0.0000 0.0000 0.0000 0.0000 0.0000 0.0000 0.0000 0.0000 0.0000 0.0000 0.0000 0.0000 0.0000 0.0000 0.0000 0.0000 0.0000 0.0000 0.0000 0.0000 0.0000 0.0000 0.0000 0.0000 0.0000 0.0000 0.0000 0.0000 0.0000 0.0000 0.0000 0.0000 0.0000 0.0000 0.0000 0.0000 0.0000 0.0000 0.0000
0.0000 0.2663 0.1178 0.0000 0.0000 0.0000 0.0000 0.0000 0.0000 0.0463 0.0000 0.0000 0.1485 0.1098 0.0721 0.0000 0.0000 0.0000 0.0000 0.0000 0.0000 0.0000 0.0000 0.0000 0.0000 0.0000 0.0000 0.0000 0.0000 0.0000 0.0000 0.0000 0.0000 0.0000 0.0000 0.0000 0.0000 0.0000 0.0000 0.0000 0.0000 0.0000 0.0000 0.0000 0.0000 0.0000 0.0000 0.0000 0.0000 0.0000 0.0000 0.0000 0.0000 0.0000 0.0000 0.0000 0.0000 0.0000 0.0000 0.0000 0.0000 0.0000 0.0000 0.0000 0.0000 0.0000 0.0000 0.0000
0.0000 7.6180 3.8077 1.9526 0.6919 0.4227 0.4740 0.5780 0.4561 0.2831 0.1752 0.2142 0.2947 0.3309 0.3764 0.3507 0.2453 0.1953 0.0000 0.0000 0.0000 0.0000 0.0000 0.0000 0.0000 0.0000 0.0000 0.0000 0.0000 0.0000 0.0000 0.0000 0.0000 0.0000 0.0000 0.0000 0.0000 0.0000 0.0000 0.0000 0.0000 0.0000 0.0000 0.0000 0.0000 0.0000 0.0000 0.0000 0.0000 0.0000 0.0000 0.0000 0.0000 0.0000 0.0000 0.0000 0.0000 0.0000 0.0000 0.0000 0.0000 0.0000 0.0000 0.0000 0.0000 0.0000 0.0000 0.0097
52.5576 31.8615 20.8116 13.4051 9.0420 7.2183 6.4911 5.9966 5.4524 4.8917 4.0765 3.1808 2.3034 1.7283 1.4056 1.1414 0.9751 0.8009 0.5293 0.2498 0.0244 0.0000 0.0000 0.0000 0.0000 0.0000 0.0000 0.0000 0.0000 0.0000 0.0000 0.0000 0.0000 0.0000 0.0000 0.0000 0.0000 0.0000 0.0000 0.0000 0.0000 0.0000 0.0000 0.0000 0.0000 0.0000 0.0000 0.0000 0.0000 0.0000 0.0000 0.0000 0.0000 0.0000 0.0000 0.0000 0.0000 0.0000 0.0000 0.0000 0.0000 0.0000 0.0000 0.0000 0.0000 0.0440 0.3998 1.0675
52.3494 55.1386 51.1939 43.6516 36.1600 30.4938 26.2609 23.1827 20.4830 17.5361 15.0120 12.8593 11.4147 9.5222 7.8726 6.7612 5.8030 4.9658 4.1976 3.3351 2.5320 1.8607 1.2004 0.5509 0.3963 0.3778 0.4470 0.3430 0.2273 0.1224 0.0558 0.0000 0.0000 0.0000 0.0000 0.0000 0.0000 0.0000 0.0000 0.0000 0.0000 0.0000 0.0000 0.0000 0.0000 0.0000 0.0000 0.0000 0.0000 0.0000 0.0000 0.0000 0.0000 0.0000 0.0000 0.0000 0.0000 0.0009 0.0000 0.0527 0.5874 1.5604 2.5217 3.6401 4.9631 6.2097 8.0262 10.3628
52.1405 61.9404 69.5553 73.3123 72.4728 68.9670 64.6300 59.6183 55.2249 51.8857 47.6638 42.4974 35.0405 29.6884 24.6627 19.9145 16.6208 13.9354 11.8793 10.2575 8.5632 7.5388 6.5866 5.5426 5.2736 4.6010 3.6561 2.8886 2.2355 1.5871 1.0060 0.6000 0.4143 0.3203 0.2587 0.2204 0.2129 0.2108 0.2309 0.2724 0.3472 0.4275 0.5132 0.5958 0.6899 0.7947 0.8743 0.9758 1.0876 1.0621 0.9731 0.9167 0.9928 1.0581 1.1459 1.8419 2.8771 4.6795 6.7112 8.1625 9.4095 10.4961 12.5948 14.2151 15.9715 18.4983 23.4665 32.5808
51.9716 61.1628 72.0547 80.7360 87.3544 89.9293 88.7395 85.5281 80.8636 75.6016 71.6568 68.6564 67.8144 63.6343 59.0404 54.3383 48.1721 42.9247 37.4793 32.2680 27.3545 22.6465 19.9070 18.1107 15.6069 13.3350 11.7204 10.4491 9.1282 7.9514 6.9033 6.0573 5.4083 4.9910 4.7782 4.7073 4.7943 4.9453 5.1620 5.4108 5.6754 5.9337 6.1618 6.4220 6.6384 6.8471 7.0822 7.3684 7.5175 7.6122 7.8509 8.0604 8.6657 9.4903 11.0167 13.2042 14.8064 16.0974 18.5603 20.6869 22.5988 25.4243 28.7541 33.6790 41.0213 52.4452 71.7371 91.4585
51.8762 54.1621 56.2885 58.0429 59.9846 63.2314 67.2085 70.7839 73.5586 75.1396 74.8932 73.5662 71.6974 71.6965 72.8110 73.3640 73.7142 72.5902 70.4694 67.8087 64.4512 60.2433 53.6021 46.1339 39.9949 36.3567 32.2683 28.1847 24.7871 22.0515 19.8714 18.1682 17.1014 16.5642 16.4077 16.4477 16.5010 16.7166 16.9514 17.2201 17.5095 17.9043 18.3763 18.8400 19.3972 19.8842 20.3252 20.5856 20.7438 21.0136 22.0659 25.0753 27.6722 30.3254 33.5579 36.0401 37.3559 41.3712 42.8791 45.3877 49.0596 53.5550 60.6439 71.3998 84.2000 90.2397 80.5470 62.0341
51.8448 35.2193 26.7152 23.8424 22.4415 22.4695 24.1742 27.8785 33.3703 39.3504 45.7613 52.0360 56.1877 56.6644 57.1133 58.7745 62.0863 65.8451 70.8123 75.3713 79.1961 82.0577 82.8096 80.7425 75.0130 66.5336 59.7155 53.7720 48.4909 44.1799 40.8764 38.6211 37.1439 36.1421 35.3047 34.8201 34.6011 34.4840 34.4643 34.5567 34.8495 35.2553 35.7312 36.2973 36.8743 37.7682 39.0281 40.8511 43.2810 47.1710 51.6143 52.7915 54.0017 55.9068 57.1622 59.4760 64.2690 66.9987 71.1073 73.9581 75.2476 76.1241 76.8276 70.8170 61.4068 49.3588 39.2745 27.4840
0.0000 8.9550 9.7023 8.5114 7.6534 7.1321 7.1363 7.7538 8.9154 11.1857 14.0506 17.1124 21.3318 27.8463 32.6591 35.7568 38.3625 41.3194 44.2168 48.3008 53.0351 58.5909 65.4160 73.8841 82.5041 87.6703 88.0475 84.4244 77.7681 70.5975 64.8732 60.3469 56.7917 54.3229 52.8731 51.6629 50.6269 49.7387 49.1314 48.8259 48.8510 49.2818 50.1392 51.4721 53.6137 56.2225 58.8869 61.9087 66.2130 69.1890 70.3658 71.6022 70.0492 66.4380 62.5633 57.9409 56.0219 53.1037 52.1752 52.3329 51.8960 48.4034 42.0707 36.1536 24.5342 17.7032 15.4003 10.4876
0.0000 0.0000 0.0000 0.0000 0.0009 0.0012 0.0000 0.0000 0.0000 0.0000 0.2073 1.4898 3.9014 6.6766 9.8158 12.8981 14.9773 16.5303 18.7806 21.4510 25.3805 29.5924 35.0344 41.4802 48.7000 56.8147 64.7114 72.8516 79.1657 80.7711 78.1724 74.2901 70.4962 67.1425 64.1655 61.7177 59.9251 58.7082 57.8380 57.3255 57.2852 58.1189 59.7056 62.1571 65.0347 68.4248 69.9998 69.4261 66.6766 62.4742 54.5207 46.9385 41.8382 38.3674 35.4714 32.6762 27.7325 26.0420 23.0199 20.2048 18.3285 17.3579 14.8413 13.5518 12.0598 7.2967 0.7266 0.0000
0.0000 0.0000 0.0000 0.0000 0.0000 0.0000 0.0000 0.0000 0.0000 0.0000 0.0000 0.0000 0.0000 0.0000 0.0000 0.4965 1.9791 4.0194 5.9246 7.8858 10.0710 12.7127 14.8730 17.6593 21.6275 27.2250 34.3772 41.9942 50.1016 55.8874 59.9963 62.6192 63.9583 65.1017 66.0537 63.9558 61.9877 60.0988 58.4674 57.0741 56.3822 57.1152 59.6362 62.1138 63.7733 58.4713 51.3686 43.3293 32.5483 21.8786 17.5541 14.4339 13.0662 11.9697 11.6850 11.9447 11.6881 11.0025 9.8044 8.4208 7.7411 6.4590 4.6319 0.9827 0.0102 0.0000 0.0000 0.0000
0.0000 0.0000 0.0000 0.0000 0.0000 0.0000 0.0000 0.0000 0.0000 0.0000 0.0000 0.0000 0.0000 0.0000 0.0000 0.0000 0.0000 0.0000 0.0000 0.0000 0.0000 0.4367 1.7430 3.7018 6.6487 9.6544 13.4090 17.3501 22.3872 30.4227 35.8335 40.0106 44.4444 56.3423 56.6699 51.6522 50.5289 49.6505 48.2988 47.2107 46.5563 47.7994 48.5819 41.7268 34.7323 31.1261 22.5136 15.6176 11.5445 9.0293 5.7209 3.8051 2.2600 1.6745 1.4873 1.7642 2.2544 1.5238 1.0514 0.6905 0.0000 0.0000 0.0000 0.0000 0.0000 0.0000 0.0000 0.0000
0.0000 0.0000 0.0000 0.0000 0.0000 0.0000 0.0000 0.0000 0.0000 0.0000 0.0000 0.0000 0.0000 0.0000 0.0000 0.0000 0.0000 0.0000 0.0000 0.0000 0.0000 0.0000 0.0000 0.0000 0.0805 0.9908 3.2975 6.6976 11.1212 15.7250 22.9034 28.8371 31.4093 23.0622 22.7542 30.3549 31.7287 32.8342 33.8906 34.0027 32.0852 25.6764 16.4375 11.4282 5.8178 0.0000 0.0000 0.0000 0.0000 0.0000 0.0000 0.0000 0.0000 0.0000 0.0000 0.0000 0.0000 0.0000 0.0000 0.0000 0.0000 0.0000 0.0000 0.0000 0.0000 0.0000 0.0000 0.0000
0.0000 0.0000 0.0000 0.0000 0.0000 0.0000 0.0000 0.0001 0.0001 0.0001 0.0000 0.0000 0.0000 0.0000 0.0000 0.0000 0.0000 0.0000 0.0000 0.0000 0.0000 0.0000 0.0000 0.0000 0.0000 0.0000 0.0000 0.0001 0.0000 0.0000 0.0000 0.0000 0.0000 0.0000 0.0000 0.0000 0.0000 0.0000 0.0000 0.0000 0.0000 0.0000 0.0000 0.0000 0.0000 0.0000 0.0000 0.0000 0.0000 0.0000 0.0000 0.0000 0.0000 0.0000 0.0000 0.0000 0.0000 0.0000 0.0000 0.0000 0.0000 0.0000 0.0000 0.0000 0.0000 0.0000 0.0000 0.0000
0.0000 0.0000 0.0000 0.0000 0.0000 0.0000 0.0000 0.0000 0.0000 0.0000 0.0000 0.0000 0.0000 0.0000 0.0000 0.0000 0.0000 0.0000 0.0000 0.0000 0.0000 0.0000 0.0000 0.0000 0.0000 0.0000 0.0000 0.0000 0.0000 0.0000 0.0000 0.0000 0.0000 0.0000 0.0000 0.0000 0.0000 0.0000 0.0000 0.0000 0.0000 0.0000 0.0000 0.0000 0.0000 0.0000 0.0000 0.0000 0.0000 0.0000 0.0000 0.0000 0.0000 0.0000 0.0000 0.0000 0.0000 0.0000 0.0000 0.0000 0.0000 0.0000 0.0000 0.0000 0.0000 0.0000 0.0000 0.0000
