tool_adapters/Deltares_HABITAT/example_maps/Tenryuu_river/standard_maps/suspended_sediment_feeding_max.asc
ncols          735
nrows          17
xllcorner      -61262.8867
yllcorner      -118292.6406
cellsize       25
[rows 0 to 16 of 17, columns 120 to 179 of 735]
0.0000 0.0000 0.0000 0.0000 0.0000 0.0000 0.0000 0.0000 0.0000 0.0000 0.0000 0.0000 0.0000 0.0000 0.0000 0.0000 0.0000 0.0000 0.0000 0.0000 0.0000 0.0000 0.0000 0.0000 0.0000 0.0000 0.0000 0.0000 0.0000 0.0000 0.0000 0.0000 0.0000 0.0000 0.0000 0.0000 0.0000 0.0000 0.0000 0.0000 0.0000 0.0000 0.0000 0.0000 0.0000 0.0000 0.0000 0.0000 0.0000 0.0000 0.0000 0.0000 0.0000 0.0000 0.0000 0.0000 0.0000 0.0000 0.0000 0.0000
0.0000 0.0000 0.0000 0.0000 0.0000 0.0000 0.0259 4.1884 7.0250 10.0798 14.1085 25.1003 40.2339 58.7919 85.3597 112.4385 135.3614 167.2146 188.3121 200.6469 221.6982 261.5698 289.1155 335.1358 379.1730 433.0181 501.8035 571.4048 651.2474 745.9566 831.5635 925.3049 1020.2558 1112.6612 1186.1305 1237.8312 1251.8547 1274.0872 1330.3335 1390.1182 1425.9458 1448.4380 1474.9764 1559.2639 1728.2264 1860.4106 1981.4266 2094.0226 1832.0545 1670.7441 1619.0464 1766.3734 1681.5288 1713.3746 1759.2464 1732.7203 1530.0145 1463.8122 1512.3892 1667.9709
0.0000 0.0000 1.8709 14.5100 35.7420 59.0762 74.1935 83.4768 81.3790 82.6858 94.8359 116.2420 160.6749 207.8732 248.2432 302.0948 336.9705 356.5600 386.7027 436.0919 474.3724 500.2792 535.2780 564.5866 604.4071 649.3349 702.2427 771.2604 848.1765 924.5990 1014.3254 1090.7354 1157.5772 1221.0647 1283.1912 1332.8027 1384.1834 1410.8796 1397.7161 1365.4287 1342.1279 1339.8745 1360.9714 1413.6042 1568.9530 1839.3161 2086.6888 2096.2040 2158.7286 2078.8111 2059.0001 2147.6915 2583.1613 2927.5870 3094.9739 3125.6154 3120.1622 2876.6216 2643.4854 2467.8377
69.3929 105.2867 141.4181 177.9478 220.9027 266.4560 315.7318 354.3432 376.2369 378.9063 392.4348 415.9915 437.4726 458.7337 495.2434 517.9965 549.7058 590.6662 626.6812 655.7475 684.2880 707.1911 723.5001 738.8012 752.5719 769.8326 792.8384 823.1870 861.5560 906.2698 958.8630 1025.1627 1100.4803 1175.7324 1239.0856 1290.2789 1327.6501 1345.6172 1349.3557 1353.1081 1363.8766 1380.6433 1409.5471 1464.8662 1570.5861 1741.9672 1927.3325 2079.3345 2186.0227 2245.5952 2305.0456 2418.2274 2635.6761 2860.9530 3084.8066 3185.6230 3169.5624 3108.1854 2979.2775 2825.3130
195.6458 210.0512 238.7444 280.8537 326.8173 377.1758 428.7468 488.1908 554.7081 596.1393 611.9018 629.5596 664.8841 717.1017 746.3578 761.1816 770.0358 769.2620 758.9643 740.7720 717.0818 693.4548 675.1091 663.1529 659.8372 666.8954 684.2943 711.9993 748.8424 796.9040 857.3527 930.2739 1014.2814 1107.5021 1201.8506 1289.7230 1366.1651 1431.9933 1487.7241 1534.6525 1578.3031 1625.5088 1686.9197 1778.9853 1900.5150 2046.5955 2199.8851 2331.5913 2442.8265 2524.5783 2601.5963 2699.3231 2820.3363 2933.6339 3042.9161 3124.5026 3150.8161 3120.7965 3055.7136 2973.8542
324.2464 325.7660 336.9845 362.2390 396.4437 434.2094 476.2986 537.2725 624.9423 716.8994 777.9701 812.0547 819.9080 798.0075 761.1590 723.7583 686.5565 654.0400 631.6888 616.0445 607.8853 607.9047 615.5518 630.8499 653.9366 686.9682 731.1607 786.7912 854.8886 935.3973 1027.0949 1128.0071 1234.4738 1344.1328 1450.0685 1549.6855 1642.9804 1730.5725 1812.6651 1891.3297 1970.2800 2053.8346 2146.9566 2253.4112 2374.6785 2500.4668 2611.5720 2699.5635 2762.8990 2808.3751 2850.8574 2903.4637 2961.9275 3009.8066 3044.4570 3062.6161 3062.9268 3042.6960 3005.4183 2956.7736
421.2118 414.1639 424.0999 440.6329 460.6549 483.0055 511.7701 543.7455 577.5386 622.3813 693.8134 740.2800 750.6701 718.6190 682.4923 656.9276 645.4398 643.1674 647.4138 657.7581 675.6289 702.1153 736.8813 782.0533 839.2079 909.1424 991.5716 1086.5868 1193.1447 1308.7421 1429.3352 1549.6843 1665.3211 1776.6073 1880.8605 1978.9735 2072.1169 2161.2951 2246.6389 2329.4648 2411.5404 2493.3287 2576.5399 2658.9107 2739.7054 2812.2167 2867.1037 2899.4062 2913.0396 2915.5298 2917.9279 2926.7141 2937.9768 2943.9412 2942.4410 2933.1749 2918.4535 2897.8738 2869.9987 2837.9491
517.5516 507.0516 512.4782 527.9793 547.7182 567.7211 588.2030 610.2780 615.8701 609.6264 596.7985 599.7541 624.1181 661.1650 688.2728 706.8730 735.6076 766.4501 802.6891 846.4854 897.4609 961.2721 1032.4691 1115.2500 1210.1871 1316.8426 1433.9183 1559.1722 1689.3014 1819.2900 1943.7319 2059.7873 2167.9661 2272.5296 2372.1696 2462.9998 2543.7303 2614.3896 2673.1383 2721.6822 2762.3716 2794.0487 2820.2634 2844.6705 2866.3920 2880.8822 2885.1177 2876.4542 2857.5291 2834.2994 2813.7566 2798.6638 2784.8541 2773.7151 2761.9582 2747.6610 2732.0452 2716.6548 2699.2752 2679.1369
694.4510 677.4707 683.0141 703.5119 731.1693 756.8463 772.5672 770.8912 756.2896 736.9945 720.7326 715.4075 719.9364 761.3906 841.9032 924.7380 1000.8387 1075.0572 1152.8251 1235.2441 1323.9239 1419.8889 1522.8169 1636.3046 1759.7024 1890.7685 2025.7955 2160.6119 2290.5174 2411.0979 2522.6463 2629.8745 2735.8260 2836.7582 2925.5285 2988.8668 3025.4695 3035.1098 3026.9524 3005.1736 2971.5401 2934.6393 2896.0577 2855.6836 2813.5033 2771.4069 2732.4384 2693.1412 2654.8053 2619.9294 2591.4286 2569.5316 2557.2047 2548.9911 2541.6196 2532.8988 2522.8428 2511.9282 2501.1808 2490.2100
1012.9675 989.4719 1000.5858 1033.0454 1069.4261 1096.9957 1107.0615 1099.7161 1085.4431 1075.7884 1077.1626 1088.0310 1114.6575 1160.8490 1231.1555 1352.9584 1486.7620 1611.7587 1727.5473 1839.8770 1953.5587 2071.3213 2192.1600 2317.4618 2446.6723 2577.0103 2704.2172 2824.0460 2935.2592 3042.9894 3156.4304 3277.7331 3390.5277 3463.1930 3472.2792 3440.3456 3381.2138 3303.9498 3210.2152 3107.6567 3002.6707 2899.2015 2800.4938 2709.8081 2628.4479 2555.8608 2487.2513 2427.9436 2378.4618 2340.2173 2314.3093 2301.1261 2297.4221 2297.6508 2299.2296 2300.0698 2299.1426 2296.4246 2292.4511 2287.5068
1507.1427 1486.9163 1510.9442 1555.2985 1609.0740 1659.5699 1695.2004 1715.5026 1707.3442 1693.8785 1702.2577 1736.1141 1796.3941 1873.3179 1956.1582 2058.0298 2177.0149 2304.1627 2434.1846 2563.4485 2690.5587 2813.6000 2930.0202 3038.3570 3144.2843 3251.6108 3358.6922 3463.3853 3578.0284 3719.9029 3876.4845 4011.1352 4039.2745 3975.6526 3865.7114 3720.9762 3558.2928 3387.8209 3216.8794 3048.4983 2886.8035 2735.3750 2597.3011 2475.0129 2369.8504 2280.5309 2204.8750 2139.3822 2087.7659 2053.4280 2037.1823 2036.8388 2044.3500 2054.9200 2065.7861 2074.7936 2080.7519 2083.6158 2084.1234 2082.9421
2236.0183 2234.1855 2265.7780 2365.3669 2495.4501 2618.7384 2685.7712 2712.6244 2683.4120 2647.4848 2686.6136 2744.0598 2795.7524 2836.8661 2880.4228 2932.7512 3005.6946 3098.9119 3212.1632 3331.7229 3442.6972 3536.1875 3615.3587 3668.8206 3724.5166 3805.9204 3921.2608 4067.9167 4273.5732 4516.1672 4661.2052 4617.5061 4459.4721 4235.0047 3977.1695 3718.7868 3469.6352 3233.6230 3012.6112 2807.4679 2620.1243 2452.6089 2306.4655 2181.9268 2079.8400 1996.7254 1924.4148 1866.1008 1824.3192 1801.3288 1796.4285 1805.3534 1822.7835 1839.7835 1855.0733 1867.6385 1876.4061 1881.3723 1884.3169 1886.9241
3032.0765 3101.6844 3265.2743 3477.5017 3684.5011 3862.4149 3975.3326 4004.5650 4016.1811 4024.8400 4007.8312 3938.8155 3869.3289 3824.3705 3808.1367 3812.8222 3872.8032 3941.9760 4029.1674 4104.5656 4145.7301 4153.5672 4128.8647 4083.1853 4099.0262 4177.5495 4407.1318 4716.9765 5084.4445 5216.2902 5012.6204 4721.3335 4367.0514 3999.0273 3654.3054 3339.8339 3060.4919 2813.5580 2593.2555 2398.2259 2228.5599 2084.1818 1964.8920 1871.6562 1795.5137 1729.0536 1676.4200 1638.3658 1615.2803 1604.5483 1605.2881 1616.5989 1636.7497 1651.0223 1664.3410 1677.6083 1688.2235 1695.2092 1702.3479 1713.3329
4460.0796 4609.0481 4875.7524 5179.1921 5430.5863 5652.6617 5746.3776 5723.8564 5635.8313 5625.1030 5320.7599 5035.3765 4880.8673 4805.6066 4759.8711 4731.1044 4800.9250 4830.0945 4857.5788 4848.9666 4769.9299 4653.3586 4526.6040 4334.8721 4315.8770 4352.1877 4884.9599 5202.4328 5304.2219 5070.8728 4624.3386 4241.3356 3800.1904 3394.1971 3024.8273 2697.4391 2442.5682 2245.3275 2078.7261 1937.4356 1819.5425 1721.9272 1642.7184 1580.0082 1530.3466 1497.1123 1478.6322 1468.2777 1458.9868 1446.1836 1432.3479 1429.3612 1446.9912 1453.3025 1460.3231 1473.2073 1488.4090 1500.8519 1516.9437 1540.3646
6971.9123 7141.8121 7352.7531 7384.4377 7469.6281 7552.6997 7531.3026 7357.7155 7066.5085 6605.1973 6248.5566 5992.4380 5870.0606 5854.8365 5834.7178 5760.9259 5799.5057 5739.5397 5572.5811 5389.6032 5195.5117 4991.3659 4526.6454 4313.5516 4346.2096 4164.6903 4877.8757 4203.6185 4046.6061 3628.7458 3210.8638 2935.0173 2590.2855 2242.7264 1927.6125 1669.3446 1551.1862 1488.1385 1444.5008 1410.4064 1383.3281 1363.0638 1349.3701 1340.5121 1337.0116 1337.5242 1335.6640 1322.2278 1294.3442 1256.8046 1222.7680 1214.9918 1233.2571 1237.8730 1242.7580 1255.2156 1273.8653 1297.9429 1311.3923 1328.0642
7728.6468 7703.8252 7553.2193 7418.6089 7411.7763 7393.0073 7210.4621 6990.9139 6771.4255 6689.9221 6792.3937 6924.8173 6948.1070 6798.7237 6528.4626 6299.1161 6157.2998 5929.3797 5792.1300 5482.5406 4700.3820 3900.7620 3256.6755 2459.5492 1674.5052 1366.4824 185.8960 69.4698 218.8194 735.9973 974.2575 1104.5930 1092.6651 1019.0418 923.5940 857.5768 844.4657 870.5628 918.5070 965.5010 1003.1797 1024.2527 1081.4553 1127.1946 1158.7213 1174.0671 1163.9044 1124.4128 1066.4419 1006.2710 954.5749 955.5338 970.5727 971.2651 988.9370 1031.7707 1067.0223 1064.8208 1066.3665 1087.4281
0.0000 0.0000 0.0000 0.0000 0.0000 0.0000 0.0000 0.0000 0.0000 0.0000 0.0000 0.0000 0.0000 0.0000 0.0000 0.0000 0.0000 0.0000 0.0000 0.0000 0.0000 0.0000 0.0000 0.0000 0.0000 0.0000 0.0000 0.0000 0.0000 0.0000 0.0000 0.0000 0.0000 0.0000 0.0000 0.0000 0.0000 0.0000 0.0000 0.0000 0.0000 0.0000 0.0000 0.0000 0.0000 0.0000 0.0000 0.0000 0.0000 0.0000 0.0000 0.0000 0.0000 0.0000 0.0000 0.0000 0.0000 0.0000 0.0000 0.0000
