tool_adapters/Deltares_HABITAT/example_maps/Tenryuu_river/standard_maps/suspended_sediment_egg_max.asc
ncols          735
nrows          17
xllcorner      -61262.8867
yllcorner      -118292.6406
cellsize       25
[rows 0 to 16 of 17, columns 136 to 203 of 735]
0.0000 0.0000 0.0000 0.0000 0.0000 0.0000 0.0000 0.0000 0.0000 0.0000 0.0000 0.0000 0.0000 0.0000 0.0000 0.0000 0.0000 0.0000 0.0000 0.0000 0.0000 0.0000 0.0000 0.0000 0.0000 0.0000 0.0000 0.0000 0.0000 0.0000 0.0000 0.0000 0.0000 0.0000 0.0000 0.0000 0.0000 0.0000 0.0000 0.0000 0.0000 0.0000 0.0000 0.0000 0.0000 0.0000 0.0000 0.0000 0.0000 0.0000 0.0000 0.0000 0.0000 0.0000 0.0000 0.0000 0.0000 0.0000 0.0000 0.0000 0.0000 0.0000 0.0000 0.0000 0.0000 0.0000 0.0000 0.0000
0.0000 0.0000 0.0000 0.0000 0.0000 0.0000 0.0000 0.0000 0.0000 0.0000 0.0000 0.0000 0.0000 0.0079 0.0111 0.0138 0.0156 0.0117 0.0151 0.0197 0.0247 0.0000 0.0727 0.1486 0.2649 0.7115 1.4062 2.7891 4.3843 4.6727 5.8251 12.5684 7.6003 5.5254 5.2439 8.5172 6.2917 0.0000 0.0247 0.0000 0.0088 0.0000 0.0000 3.5541 13.6714 18.2994 21.9501 26.5053 30.1699 31.1340 25.4509 24.2093 26.8636 32.1796 30.0177 30.6644 33.1365 34.5365 33.6083 33.4195 32.9820 30.5593 27.6996 25.2362 23.4585 22.3346 21.9074 22.4849
0.0000 0.0000 0.0000 0.0000 0.0000 0.0000 0.0000 0.0008 0.0082 0.0177 0.0276 0.0404 0.0524 0.0625 0.0759 0.0887 0.1098 0.1228 0.1393 0.1544 0.1949 0.2154 0.1999 0.1653 0.1969 0.6384 1.0955 2.3085 4.1386 9.0443 15.5341 17.7893 27.1392 31.7440 35.2925 38.6557 53.6807 64.2758 71.0230 74.0594 72.9826 68.1842 61.9553 55.4017 48.1201 46.1851 47.3490 48.7343 49.3848 49.5415 52.8639 49.6985 45.3269 39.5941 39.8983 38.6802 36.6709 35.3294 34.9547 32.0684 28.7675 26.7490 25.0495 23.4461 21.8687 20.3972 19.2017 18.2059
0.0000 0.0000 0.0000 0.0000 0.0042 0.0083 0.0123 0.0164 0.0177 0.0172 0.0160 0.0147 0.0146 0.0150 0.0166 0.0208 0.0277 0.0346 0.0386 0.0433 0.0494 0.0526 0.0493 0.0839 0.2060 0.7774 1.3615 2.7928 4.3580 7.3970 11.6193 17.0580 21.5902 27.3415 33.0536 39.5258 49.3558 58.4020 67.5522 73.4455 75.6187 75.1297 73.9339 71.8635 68.5611 65.8540 63.8513 61.4110 58.9042 56.6988 55.1943 53.4404 49.8340 46.0548 43.7710 41.7722 39.4746 37.2261 35.0194 33.1269 30.7291 28.3004 26.1448 24.2687 22.7814 21.4955 20.4907 19.5147
0.0000 0.0000 0.0000 0.0000 0.0000 0.0000 0.0000 0.0000 0.0000 0.0000 0.0000 0.0000 0.0000 0.0000 0.0000 0.0000 0.0000 0.0000 0.0000 0.0000 0.0000 0.0000 0.0000 0.0000 0.1519 1.2307 3.2130 5.4810 9.4738 14.4806 20.5480 26.0003 31.9266 37.2936 42.6116 46.8560 51.6899 56.5074 59.7461 62.0300 63.5023 65.2072 66.9293 67.9781 67.1791 65.6273 63.8494 62.0142 60.3811 58.8667 57.4197 55.4527 53.3923 51.0003 48.8393 46.8972 45.0529 43.1485 41.3071 39.2361 37.0360 34.7586 32.4127 30.1250 27.8720 25.9298 24.1419 22.8234
0.0000 0.0000 0.0000 0.0000 0.0000 0.0000 0.0000 0.0000 0.0000 0.0000 0.0000 0.0000 0.0000 0.0000 0.0000 0.0000 0.0000 0.0000 0.0000 0.0000 0.0000 0.0630 1.3967 3.3879 6.0943 8.8307 12.2029 17.6600 23.9798 31.5324 39.0401 45.7207 50.8428 55.2032 57.6242 59.1993 58.4335 55.5822 53.1379 51.6076 50.6502 50.2373 50.2191 50.5091 51.4108 52.3774 53.3249 54.2404 54.4221 54.0447 53.4407 52.7438 51.6819 50.5512 49.4652 48.4004 47.1844 45.9390 44.5714 43.1897 41.6640 40.0541 38.4717 36.9110 35.4664 33.7532 32.1216 30.3940
0.0000 0.0000 0.0000 0.0000 0.0000 0.0000 0.0000 0.0000 0.0000 0.0000 0.0000 0.0000 0.0000 0.0000 0.0000 0.0000 0.0000 0.0103 1.7368 3.8432 5.9160 8.3699 10.9472 13.4003 17.1569 21.8858 27.7015 34.5408 42.8332 50.5809 57.6455 61.2258 59.4986 57.2019 56.0083 52.6296 48.5216 44.9777 41.8638 39.2651 37.7716 36.8786 36.3844 36.2574 36.4039 36.8236 37.4846 38.2614 39.4012 40.6765 41.8361 42.7519 43.4434 43.7950 43.8282 43.6461 43.4103 43.0813 42.6690 42.1585 41.5761 40.8917 40.0075 38.9737 37.6386 36.6455 35.5730 34.5535
0.0000 0.0000 0.0000 0.0000 0.0000 0.0000 0.0000 0.0000 0.0000 0.0000 0.0000 0.0000 0.0000 1.0288 2.6970 4.4065 6.5554 8.7169 11.0567 13.4070 16.8361 21.1433 25.1694 30.4730 36.2868 43.3238 51.8284 61.0727 68.7332 71.9335 66.5291 57.8777 52.0637 47.6021 43.5419 38.4299 34.2772 31.3300 29.1900 27.7708 26.5624 25.7819 25.2335 24.9135 24.8054 24.8140 25.0035 25.3535 25.9507 26.8578 27.9960 29.2054 30.3653 31.3800 32.2847 33.1549 34.0832 34.9245 35.6717 36.1789 36.3239 36.0976 35.6776 35.1443 34.6358 33.9426 33.5222 33.2424
0.0000 0.0000 0.0000 0.0000 0.0000 0.0000 0.2210 1.4085 2.4553 4.0000 5.6874 7.6343 9.4397 12.2593 15.0747 18.4816 22.4974 26.7937 31.0587 35.7954 40.5575 45.2772 50.8266 57.0032 64.1845 72.6601 79.5110 79.0615 71.4624 61.2590 51.2973 44.5993 38.8601 33.5368 28.3362 23.5561 20.8969 19.6451 18.8259 17.9862 17.2497 16.5672 16.0700 15.6455 15.3534 15.1738 15.1306 15.2187 15.3680 15.6890 16.2493 17.0513 18.0316 19.1768 20.3459 21.5509 22.6237 23.7045 24.6814 25.5997 26.5637 27.3706 27.8839 28.0889 28.3828 28.3033 28.0037 27.8545
2.1041 3.5128 5.1058 6.7874 8.3755 9.9100 11.5782 14.2276 17.8952 21.9087 26.4040 30.8958 36.0499 40.7810 45.3941 49.5758 53.2329 56.8254 60.1250 63.0819 65.8662 68.9977 73.3844 79.3616 83.6367 80.8604 71.9695 61.2136 51.1179 41.3785 36.1514 29.6724 24.4307 20.1523 16.5109 13.6234 12.3751 11.5550 10.7943 10.0356 9.3491 8.7888 8.3097 7.9554 7.6851 7.5349 7.4551 7.4540 7.6023 7.7862 8.0123 8.3552 8.8340 9.4448 10.2463 11.1774 12.2067 13.2296 14.2942 15.3186 16.1774 17.0751 17.9482 19.0174 19.7277 20.6690 21.4204 21.7408
17.4498 20.4359 23.8758 28.5163 34.5663 41.9377 49.7352 56.5331 62.0670 66.4659 69.9133 72.8057 74.7735 75.7195 75.4863 74.4379 72.9542 71.5517 70.6413 70.4501 71.2757 73.6257 76.6858 75.8395 68.8844 58.9940 48.2141 38.9404 31.2849 28.2139 21.8294 17.5719 14.5166 11.3645 8.8878 7.5337 6.5834 5.6267 4.8214 4.1693 3.6616 3.2405 2.9181 2.6977 2.5623 2.4954 2.4816 2.5401 2.6111 2.7455 2.8988 3.0400 3.1948 3.3879 3.6322 3.9347 4.3224 4.8596 5.4832 6.2024 7.0148 7.7287 8.5040 9.2214 10.1046 10.9606 12.0677 13.3423
41.4514 48.7839 58.9589 70.9629 82.8516 92.9262 99.0563 100.5077 98.0792 94.0516 89.2184 84.2674 79.8596 75.6768 71.8720 68.6566 65.9505 63.8678 62.6845 62.3972 62.9705 64.9939 61.8389 53.9191 43.4728 33.3692 25.6489 21.3171 17.8832 13.2105 11.5999 9.9353 7.2660 5.6775 4.5874 3.3807 2.3416 1.5916 1.0727 0.8565 0.7190 0.6230 0.5604 0.5148 0.4923 0.4896 0.5080 0.5240 0.5471 0.5576 0.5746 0.5853 0.5947 0.6118 0.6399 0.6896 0.7660 0.8807 1.0352 1.2972 1.6950 2.3049 2.9243 3.3597 3.8557 4.2974 4.6765 5.3726
71.3407 86.3170 103.7498 116.3743 117.6878 110.9610 101.0453 90.9624 83.3920 77.5372 73.1762 69.3013 65.3255 61.4557 58.2763 55.5153 53.1131 51.3671 50.5830 51.2055 51.1724 47.7677 37.8724 28.9864 19.3125 14.4273 11.7709 9.1870 7.6045 5.7703 4.6738 3.8108 3.1590 2.0529 1.1012 0.6051 0.3203 0.1752 0.0911 0.0317 0.0153 0.0122 0.0115 0.0122 0.0130 0.0131 0.0135 0.0112 0.0083 0.0056 0.0034 0.0032 0.0036 0.0076 0.0187 0.0410 0.0843 0.1264 0.2095 0.3274 0.5660 0.9317 1.4670 1.9743 2.3908 2.9973 3.3161 3.9333
113.9972 118.5203 110.4217 96.5927 81.4594 69.6786 61.0806 55.2023 52.2296 51.1714 51.4577 52.0663 53.4232 52.2204 48.7246 46.5770 43.9538 41.8282 40.5444 38.5714 32.0461 22.6716 13.5942 7.0285 5.1275 3.7597 3.1659 2.5931 2.1846 2.0167 1.0985 0.3704 0.0538 0.0000 0.0000 0.0000 0.0000 0.0000 0.0000 0.0000 0.0000 0.0000 0.0000 0.0000 0.0000 0.0000 0.0000 0.0000 0.0000 0.0000 0.0000 0.0000 0.0000 0.0000 0.0000 0.0223 0.0556 0.0910 0.1518 0.2513 0.3932 0.7109 1.2603 1.9880 2.6987 3.4759 4.7161 6.6790
82.0054 61.5330 47.0585 35.6647 27.3372 22.1163 18.9351 17.4479 18.0534 21.5518 26.7417 33.6588 42.3030 42.5251 39.5612 36.9003 32.2272 28.0889 24.4485 19.3436 10.9523 5.6786 2.7380 1.2797 0.2690 0.1144 0.0638 0.0035 0.0000 0.0000 0.0000 0.0000 0.0000 0.0000 0.0000 0.0000 0.0000 0.0000 0.0000 0.0000 0.0000 0.0000 0.0000 0.0000 0.0000 0.0000 0.0000 0.0000 0.0000 0.0000 0.0000 0.0000 0.0000 0.0061 0.0204 0.0349 0.0660 0.1049 0.1626 0.2335 0.3132 0.4160 0.7616 1.3287 2.1277 3.0235 3.3468 2.8800
13.8728 8.9003 6.5883 4.9055 3.1221 2.1933 1.4273 0.5397 0.0000 0.0000 0.0000 0.0000 0.0000 13.1315 21.3705 25.9635 26.0772 21.5319 13.5437 5.4661 2.2740 0.2998 0.1478 0.0574 0.0000 0.0000 0.0000 0.0000 0.0000 0.0000 0.0000 0.0000 0.0000 0.0000 0.0000 0.0000 0.0000 0.0000 0.0000 0.0000 0.0000 0.0000 0.0000 0.0000 0.0000 0.0000 0.0000 0.0000 0.0000 0.0000 0.0000 0.0000 0.0091 0.0175 0.0202 0.0179 0.0211 0.0336 0.0570 0.1051 0.1793 0.2455 0.2171 0.1025 0.0000 0.0000 0.0000 0.0000
0.0000 0.0000 0.0000 0.0000 0.0000 0.0000 0.0000 0.0000 0.0000 0.0000 0.0000 0.0000 0.0000 0.0000 0.0000 0.0000 0.0000 0.0000 0.0000 0.0000 0.0000 0.0000 0.0000 0.0000 0.0000 0.0000 0.0000 0.0000 0.0000 0.0000 0.0000 0.0000 0.0000 0.0000 0.0000 0.0000 0.0000 0.0000 0.0000 0.0000 0.0000 0.0000 0.0000 0.0000 0.0000 0.0000 0.0000 0.0000 0.0000 0.0000 0.0000 0.0000 0.0000 0.0000 0.0000 0.0000 0.0000 0.0000 0.0000 0.0000 0.0000 0.0000 0.0000 0.0000 0.0000 0.0000 0.0000 0.0000
