tool_adapters/Deltares_HABITAT/example_maps/Tenryuu_river/standard_maps/suspended_sediment_ascending_max.asc
ncols          735
nrows          17
xllcorner      -61262.8867
yllcorner      -118292.6406
cellsize       25
[rows 0 to 16 of 17, columns 402 to 468 of 735]
0.0000 0.0000 0.0000 0.0000 0.0000 0.0000 0.0000 0.0000 0.0000 0.0000 0.0000 0.0000 0.0000 0.0000 0.0000 0.0000 0.0000 0.0000 0.0000 0.0000 0.0000 0.0000 0.0000 0.0000 0.0000 0.0000 0.0000 0.0000 0.0000 0.0000 0.0000 0.0000 0.0000 0.0000 0.0000 0.0000 0.0000 0.0000 0.0000 0.0000 0.0000 0.0000 0.0000 0.0000 0.0000 0.0000 0.0000 0.0000 0.0000 0.0000 0.0000 0.0000 0.0000 0.0000 0.0000 0.0000 0.0000 0.0000 0.0000 0.0000 0.0000 0.0000 0.0000 0.0000 0.0000 0.0000 0.0000
43.4504 37.1365 27.8069 18.7990 13.9287 11.9031 10.0773 9.5902 11.2811 12.1160 12.4160 12.9116 11.7993 10.5963 9.1798 7.3381 5.5425 5.6418 0.0000 0.0000 0.0000 0.0000 0.0000 0.0000 0.5017 0.3078 0.9978 1.1832 2.5220 4.0649 4.6092 6.0301 8.6482 9.7115 9.6859 9.7067 9.6693 9.0155 8.5945 8.2284 7.8559 7.7356 7.8404 7.6423 7.6013 7.7822 7.8315 7.9351 8.4772 9.1529 9.9217 11.1666 12.3258 13.3289 14.8277 15.7268 16.8214 18.0311 19.2006 20.4014 21.7364 23.0764 24.4982 26.0911 27.7036 29.3655 30.3655
67.6785 64.4093 63.2273 60.9582 53.3004 48.0979 45.9179 43.9459 41.5198 40.3906 39.6415 38.0203 37.1633 36.2039 35.1436 34.0520 32.5657 32.2920 29.9281 29.2089 28.4887 28.1140 27.7208 26.9936 25.6060 24.8469 22.8043 21.9291 21.4840 21.1489 20.8215 20.0325 18.3174 16.8810 16.1485 15.4211 14.4952 14.0147 13.4686 12.8550 12.5502 12.3678 11.8542 11.6697 11.3477 11.0127 10.9476 11.0979 11.3177 11.9875 12.9698 13.8283 15.0533 16.6655 17.5326 18.9697 20.0628 21.1399 22.2720 23.3807 24.4595 25.5592 26.5730 27.5395 28.7052 30.0424 32.0646
72.3448 69.0286 65.8818 63.3426 61.6264 59.1199 57.3430 55.6355 53.5202 51.3257 49.2964 47.5771 46.2432 45.4197 45.4784 45.2613 45.3991 44.6250 42.6624 40.9745 39.4121 37.4639 35.6850 34.0302 32.5483 31.3303 29.9202 28.5916 27.3413 26.0964 23.4846 21.7379 20.5118 19.5597 18.7055 18.0130 17.4759 17.0161 16.4592 15.8520 15.2699 15.0987 15.0688 14.8271 14.3269 13.9269 13.7347 14.1896 14.9377 15.6500 16.3944 17.2405 18.6885 19.6650 20.6797 21.2931 21.7539 22.1780 22.5460 22.8187 23.0611 23.3405 23.8507 24.6100 25.8337 27.6285 29.9057
70.5628 69.8117 68.8778 67.7969 66.2688 64.1450 61.6975 59.8937 57.9178 55.8003 53.8664 52.2392 51.0238 50.2085 49.6300 49.0605 48.8927 48.4065 47.1324 44.9999 42.5826 40.3387 38.1789 36.6503 35.0771 33.4613 31.9260 30.6084 29.2912 27.9486 26.4689 25.3444 25.3326 24.2553 22.2827 21.1603 20.3258 19.3686 18.5145 17.7989 17.2015 16.7901 16.8975 17.0633 17.4423 17.3230 18.0055 19.1080 20.2505 21.3490 22.3089 23.2280 23.8188 24.5250 25.0057 25.0615 24.7454 24.2067 23.7231 23.4409 23.3358 23.7590 24.6841 26.0948 27.8429 29.8219 31.8254
62.7076 63.4124 63.8011 63.4939 62.0552 60.3749 58.6588 57.2922 56.2184 55.0290 53.8633 52.8069 51.9461 51.3076 50.8471 50.3101 49.6529 48.7102 47.8841 47.1996 46.2372 44.7558 42.5254 39.9218 37.9192 36.4879 34.9823 33.3850 31.9565 30.6227 29.3033 27.9395 26.8725 25.9013 25.0766 24.7700 24.3116 22.2873 21.2203 20.4823 19.8770 19.3842 19.1217 19.3893 20.1094 20.9148 21.7836 23.1141 24.2566 25.3640 26.3626 27.2740 27.8691 28.0270 27.7888 27.3343 26.8433 26.4469 26.2099 26.3567 26.8925 27.7718 28.8208 29.9672 31.3886 32.8671 34.4484
54.0038 55.0639 56.1236 56.9363 56.0110 54.6137 53.3228 52.1551 51.5375 51.1602 50.6934 50.0917 49.5274 49.0462 48.6486 48.2717 47.8931 47.4500 46.8498 46.1501 45.5620 45.1488 44.6678 43.7750 41.9725 39.5249 37.6554 36.2218 34.7448 33.2123 31.9218 30.8414 29.6184 28.5366 27.7109 27.1767 26.6762 25.9614 25.2882 24.6327 23.8536 23.0960 22.6619 22.9999 22.7353 24.6085 25.9246 27.0361 27.7040 28.2942 28.8399 29.2857 29.5429 29.6284 29.5895 29.4040 29.3960 29.6928 30.3339 31.0953 32.0317 33.0323 34.0304 34.7650 34.9818 35.4284 36.0968
48.1294 48.4800 49.1529 50.1118 50.7696 50.4426 50.0772 49.7217 49.3381 48.8948 48.4580 48.0557 47.5372 47.1313 46.8694 46.6653 46.5133 46.3353 46.1450 45.8511 45.4686 45.2668 45.1230 44.8898 44.4586 43.5403 41.4305 38.8895 36.9600 35.6160 34.1590 32.6550 31.6575 30.7728 29.9152 29.2984 28.9528 28.7044 28.2033 27.5404 26.6612 26.0939 25.6592 25.3730 25.1386 25.3516 27.6299 27.9798 28.6104 29.1217 29.6876 30.2896 30.8203 31.3303 32.0132 32.9712 33.9902 35.0277 35.9276 36.8988 37.6043 37.8901 37.7375 37.3623 37.1942 37.1914 36.5211
43.5590 43.1840 43.2615 44.0497 45.9932 46.4655 47.0630 47.5371 47.7103 47.7321 47.6504 47.5181 47.2575 46.8032 46.2805 45.7620 45.3509 45.1024 44.9554 44.8788 44.7910 44.6818 44.5494 44.4509 44.3676 44.2417 43.9239 42.8213 40.6010 38.2540 36.7435 35.8373 35.0440 34.4018 33.8185 33.3111 32.8055 32.2590 31.8353 31.4194 30.7310 30.1041 29.7753 29.6425 29.5412 29.6094 28.4329 29.5820 30.3205 31.1296 32.2699 33.3170 34.5776 36.1858 37.8845 39.3460 40.5408 41.2629 41.5216 41.0399 40.0503 39.0584 38.2631 37.8080 37.6593 36.6605 35.8942
37.9720 37.6698 37.5460 37.5439 38.1237 41.3309 43.2096 44.5129 45.2730 45.7027 46.0204 46.3090 46.5481 46.7071 46.6012 46.1746 45.3794 44.4277 43.5705 42.9246 42.4362 42.0562 41.7830 41.7577 41.8139 41.9375 42.1062 42.2299 42.2449 41.7725 40.6755 39.1616 37.7271 36.6888 36.0479 35.6917 35.4988 35.3849 35.0377 34.4038 33.3464 32.5121 32.4117 32.4413 32.3081 31.8921 33.4249 34.1867 35.1633 36.4322 37.8396 39.8621 42.2795 44.4866 46.0158 46.7322 46.7397 46.0180 44.6616 42.9677 41.3926 40.0149 38.8667 37.7841 36.5980 35.2553 33.4103
32.2897 32.7090 32.7790 33.2667 33.9796 35.4981 36.5807 37.9723 39.3514 40.4979 41.5803 42.2643 42.7287 42.9187 42.5479 41.7357 40.5333 40.0368 39.7116 39.4143 39.2218 39.1390 39.1697 39.2924 39.4977 39.7887 40.1541 40.5665 41.0094 41.4394 41.6798 41.7744 41.6554 41.2747 40.8033 40.4303 40.1382 39.8552 39.8387 40.2344 40.8362 41.5821 42.4811 42.3767 42.0780 41.6189 40.9974 41.0476 41.7445 43.1689 45.5633 48.5549 51.1461 52.4570 52.3991 51.1326 48.8778 46.3109 43.8086 41.6491 39.8459 38.3099 36.9133 35.4234 33.5430 31.6372 29.7798
21.5453 23.0925 23.7958 23.9547 24.2574 24.7137 25.8666 26.3863 27.2029 27.4957 28.0381 28.9919 29.6643 30.6488 32.0824 33.3239 34.5615 35.5581 36.1278 36.4240 36.5691 36.6683 36.8354 37.1254 37.5391 38.1006 38.8085 39.6191 40.5010 41.4045 42.2909 43.2034 44.0518 44.8151 45.4365 45.8477 46.1511 46.3935 46.5411 46.8410 48.0791 48.7014 47.7815 46.8918 46.1294 45.7103 45.4451 45.7717 47.0333 49.4081 52.8539 56.1737 57.6243 56.8605 53.8602 50.0756 46.5234 43.5878 41.0204 38.7817 36.8408 35.0609 33.2563 31.2397 29.0770 26.9396 25.0626
11.9610 13.2874 15.0059 16.2498 16.9059 17.4412 17.7628 18.7538 19.7422 21.0600 22.0639 23.2103 24.0763 24.7450 25.6546 26.8188 27.8740 29.2407 30.7483 31.7858 32.5771 33.3220 34.0558 34.9081 35.9346 37.2418 38.7221 40.4385 42.2834 44.2047 46.1448 47.9183 49.7536 51.3187 52.6959 54.0350 55.1801 55.9523 56.1580 55.9641 54.2850 52.2155 50.4904 49.1857 48.5535 48.3092 48.6678 49.9744 52.4587 55.6411 59.2022 61.3138 59.4275 55.0253 50.1971 45.6206 41.8769 39.6230 37.3695 35.0628 32.8226 30.4068 28.3581 25.4193 23.0904 21.9661 21.0974
6.5629 7.6758 9.3541 10.9532 12.3894 13.7972 15.2604 16.8664 18.3968 19.7877 21.0892 21.7907 22.0573 22.1172 22.2965 22.6626 23.2595 24.0659 24.9477 25.9702 27.0832 28.0826 29.2007 30.7362 32.2808 34.4705 36.3829 39.0315 41.7646 44.6193 47.5737 50.0046 53.3852 55.9534 58.0820 60.2697 62.0413 62.8018 62.6824 60.6400 57.8393 55.2702 53.0791 51.7405 51.3782 51.9495 53.1083 55.5758 59.0140 60.2138 60.4178 60.1589 54.1730 51.7108 44.9999 39.9581 36.1922 36.4786 33.3292 30.0718 26.6792 22.5550 21.2462 19.6831 18.2284 16.4320 14.0325
2.5088 3.2948 3.9553 5.0777 6.2672 7.4198 8.6066 9.7978 10.7256 11.3871 12.6918 14.7085 15.8807 16.4338 17.4749 18.2654 19.0100 19.7175 20.5554 21.1188 21.7333 22.4369 23.5574 25.1341 26.8514 29.1077 30.8810 33.0963 35.2543 37.3357 39.0975 40.9581 42.9017 44.2956 46.2347 47.7606 49.3799 50.9260 52.6978 54.8491 57.6676 59.3190 58.3940 57.4512 56.5964 56.7029 57.2231 60.0903 57.4761 52.3777 45.2928 39.6821 29.5804 20.5371 19.0932 18.9018 17.8731 13.2155 12.0064 11.2881 11.0358 11.8922 9.8223 8.8435 7.8334 6.5922 5.7141
0.2251 0.0000 0.0000 0.0107 0.1610 0.4745 1.0550 1.4300 1.9067 2.8565 3.4520 4.0938 6.1800 8.9298 10.4582 12.0679 13.0103 13.4957 13.7305 13.9235 14.8008 15.9723 16.8236 17.7752 18.5236 19.4785 19.9266 20.3233 20.9682 21.8036 22.5587 23.1708 24.5859 25.7057 26.8344 28.7834 31.2983 33.9687 36.8666 41.0509 44.9040 48.6952 53.2190 55.5707 56.4162 54.1476 48.8372 38.3926 29.3087 21.2171 12.5563 1.7973 0.0000 0.0000 0.0000 0.0000 0.0000 0.0000 0.0000 0.0000 0.0000 0.0000 0.0000 0.0000 0.0000 0.0000 0.2757
0.0000 0.0000 0.0000 0.0000 0.0000 0.0000 0.0000 0.0000 0.0000 0.0000 0.0000 0.0000 0.0000 0.0000 0.0000 0.0000 0.0000 0.0000 0.0000 0.0000 0.0000 0.0000 0.0000 0.0000 0.0000 0.0000 0.0000 0.0000 0.0000 0.0000 0.0000 0.0000 0.0000 0.0000 0.0000 0.0000 0.0000 0.0000 0.0000 0.0000 0.0000 0.0000 0.0000 0.0000 0.0000 0.0000 0.0000 0.0000 0.0000 0.0000 0.0000 0.0000 0.0000 0.0000 0.0000 0.0000 0.0000 0.0000 0.0000 0.0000 0.0000 0.0000 0.0000 0.0000 0.0000 0.0000 0.0000
