tool_adapters/Deltares_HABITAT/example_maps/Tenryuu_river/standard_maps/suspended_sediment_feeding_max.asc
ncols          735
nrows          17
xllcorner      -61262.8867
yllcorner      -118292.6406
cellsize       25
[rows 0 to 16 of 17, columns 0 to 59 of 735]
0.0000 0.0000 0.0000 0.0000 0.0000 0.0000 0.0000 0.0000 0.0000 0.0000 0.0000 0.0000 0.0000 0.0000 0.0000 0.0000 0.0000 0.0000 0.0000 0.0000 0.0000 0.0000 0.0000 0.0000 0.0000 0.0000 0.0000 0.0000 0.0000 0.0000 0.0000 0.0000 0.0000 0.0000 0.0000 0.0000 0.0000 0.0000 0.0000 0.0000 0.0000 0.0000 0.0000 0.0000 0.0000 0.0000 0.0000 0.0000 0.0000 0.0000 0.0000 0.0000 0.0000 0.0000 0.0000 0.0000 0.0000 0.0000 0.0000 0.0000
0.0000 725.1025 471.9825 293.3811 145.3582 106.5652 135.6424 169.1797 205.3998 213.2052 222.4816 182.5079 143.8478 0.0000 0.0591 0.0000 4.7189 3.6473 9.2167 71.9248 124.8580 171.5707 254.9853 324.9497 479.5073 607.7372 769.9651 925.6746 1039.0754 1153.6363 1236.3211 1285.3398 1298.5351 1285.0459 1256.3688 1213.7693 1159.6702 1120.7898 1099.2331 1089.6971 1056.6736 1015.6257 977.2970 935.2254 902.4679 865.5810 816.2308 753.7457 687.1803 618.6484 558.6822 518.6635 493.2918 488.0903 505.8273 541.5635 595.4574 697.2125 820.8874 967.7875
0.0000 488.4925 327.9428 430.2690 651.9027 889.8528 1154.9181 1405.1159 1596.3942 1897.2557 2053.0840 2125.4782 2270.9548 2238.8328 2199.1009 2069.3787 1857.8372 1581.6432 1440.7018 1341.7425 1267.0210 1229.0588 1222.4296 1285.6463 1338.9867 1430.9524 1547.2324 1713.6824 1999.1254 2135.9704 2163.0967 2106.1260 2002.3597 1874.4294 1752.5243 1665.1507 1620.8615 1590.2509 1541.3696 1436.6458 1400.9158 1412.9339 1432.7703 1445.9638 1431.8547 1408.0902 1377.9184 1334.4569 1279.4110 1219.4484 1168.0047 1131.8922 1113.5243 1119.6031 1152.8656 1212.8024 1315.1479 1463.6297 1676.6925 1934.6152
0.0000 1806.9414 2014.2582 2331.9272 2586.0473 2744.5008 2824.7759 2863.0738 2897.7626 2862.8435 2868.8037 2917.9476 2945.6472 2892.5028 2782.1795 2673.8208 2573.6284 2506.8169 2338.5244 2165.1743 2023.6458 1925.4527 1862.9053 1829.7646 1824.5993 1856.6235 1916.3044 1990.3128 2022.9185 2098.3417 2163.5586 2190.8694 2165.1359 2094.6972 2008.4578 1931.2750 1874.8298 1842.5915 1844.2332 1886.2909 1902.4956 1889.1919 1867.2851 1838.6249 1804.7145 1759.6179 1706.4945 1650.5149 1592.4437 1536.0930 1490.4915 1457.9471 1444.4943 1457.0920 1498.5781 1565.6424 1650.6017 1751.4073 1867.3840 1964.2847
6852.8843 6262.7873 5873.8913 5449.9012 5013.2710 4606.2058 4248.4212 3940.0323 3699.6976 3502.5279 3372.2573 3292.1310 3229.2090 3174.2891 3103.4964 3023.7600 2935.7552 2835.3088 2716.9566 2584.7117 2455.4701 2347.4458 2268.4759 2212.3400 2178.6386 2162.0706 2159.8068 2163.5347 2158.1603 2152.9300 2155.7823 2161.6639 2169.7672 2166.6819 2142.6665 2107.3928 2073.1510 2047.0249 2034.7035 2038.2285 2042.1389 2050.3718 2047.5515 2031.6503 2005.6327 1971.6253 1928.3084 1877.7067 1824.2724 1773.9801 1732.6324 1704.1946 1688.9432 1689.7838 1713.8314 1764.7575 1843.6391 1938.9465 2040.6758 2135.9851
6825.7322 6349.1993 5941.5531 5532.2913 5101.1727 4711.8663 4377.6217 4097.8534 3858.5596 3656.6526 3497.4722 3370.0513 3268.9246 3185.8782 3114.7665 3051.4328 2990.4819 2929.0389 2857.2729 2772.6005 2678.0809 2585.5545 2506.0110 2441.5534 2391.8267 2355.2558 2325.3730 2299.2872 2274.0438 2251.6480 2229.9370 2213.8566 2206.2302 2208.5873 2217.2438 2226.6787 2233.3000 2237.1973 2241.4060 2244.8772 2243.4504 2235.2362 2222.5656 2204.7440 2182.0715 2154.2441 2121.3870 2084.2676 2045.5736 2009.5928 1980.0587 1958.5883 1949.6377 1956.2316 1979.9984 2022.4938 2082.8514 2159.0221 2243.6630 2328.6293
6798.5048 6440.3167 6034.1526 5636.5847 5257.9186 4899.4773 4577.7142 4302.4183 4056.9456 3836.6201 3642.5778 3477.0183 3336.6829 3218.9110 3121.6194 3041.2539 2974.0676 2916.4294 2864.6885 2815.7508 2768.8345 2717.2569 2663.6774 2613.6039 2569.8073 2532.9480 2501.8009 2472.7096 2445.9378 2421.2115 2399.0106 2378.9727 2362.7334 2356.3661 2364.0310 2387.0671 2419.0670 2448.8293 2469.9475 2478.6978 2476.1451 2465.0541 2448.9122 2429.7041 2407.5495 2382.6391 2355.2369 2326.3298 2297.2512 2270.0773 2247.9630 2234.2990 2230.3251 2237.4674 2257.1876 2290.0527 2335.6102 2392.7835 2459.3637 2530.8579
6776.4726 6468.2586 6107.9038 5752.1588 5416.6774 5083.3605 4761.5123 4461.3034 4195.3222 3959.5451 3750.1792 3566.0707 3406.5489 3269.9104 3154.2940 3057.7135 2977.7697 2912.1677 2858.7825 2815.8646 2781.5651 2754.1737 2733.0611 2714.7440 2697.5727 2681.1358 2665.4734 2650.9634 2636.9451 2623.3208 2610.1744 2599.7027 2594.3428 2596.9048 2613.3220 2645.5638 2685.1508 2719.4572 2738.8712 2744.6719 2737.7336 2724.3164 2706.5875 2686.0048 2663.4278 2639.1055 2613.0127 2585.4625 2557.8920 2533.0364 2513.0170 2499.0079 2491.5711 2491.4975 2499.9675 2518.5636 2548.1293 2589.0244 2640.2316 2699.6769
6764.0381 6400.0403 6105.3689 5809.2070 5488.7899 5167.7384 4852.7294 4552.6931 4275.7220 4025.5974 3802.6272 3606.6347 3437.1130 3292.3710 3170.0563 3067.8025 2983.3180 2914.4909 2859.5755 2816.9674 2785.7195 2763.7507 2749.8934 2742.9673 2742.0653 2745.7475 2752.8681 2762.5611 2774.0717 2787.8851 2803.7449 2822.3627 2844.0556 2872.4615 2910.6907 2950.5496 2982.1634 3000.9600 3007.1985 3000.7174 2987.3343 2969.7975 2949.5612 2927.5035 2904.0294 2879.1302 2852.5667 2824.1584 2795.2490 2767.3860 2742.0942 2720.0106 2701.6794 2688.0403 2680.8357 2683.1385 2696.3823 2722.0901 2760.5461 2811.1147
6759.9506 6450.2056 6253.0022 6000.7075 5702.7304 5382.8737 5054.8827 4732.3949 4427.4937 4144.2724 3888.5042 3664.3413 3472.6769 3311.6801 3178.4204 3069.6349 2982.0587 2912.7836 2859.4424 2820.4055 2792.2190 2774.4929 2766.6660 2767.6589 2776.6500 2793.1042 2816.7499 2847.3463 2884.4675 2927.8867 2977.0121 3028.4914 3085.6988 3146.8172 3200.0848 3235.3462 3250.1478 3247.8891 3233.6230 3213.0581 3192.0525 3170.5168 3148.4960 3125.9489 3102.6162 3078.1025 3050.8282 3019.7892 2983.6418 2943.1520 2900.6862 2858.9801 2820.2880 2786.6097 2760.5798 2744.6025 2743.2926 2759.0360 2794.1536 2847.0111
0.0000 2005.6093 2535.9988 3074.6185 3547.7498 3892.2119 4087.3951 4135.9590 4068.3614 3932.5589 3763.0116 3585.3197 3417.5757 3268.0052 3140.3808 3035.7167 2952.7645 2889.2732 2843.4706 2809.9888 2789.3571 2779.9141 2782.5442 2795.4593 2817.6539 2848.7715 2889.3526 2939.8984 3000.0509 3069.9678 3146.6437 3233.4409 3325.7249 3405.7966 3455.9646 3469.7860 3455.4620 3424.2057 3389.2058 3359.9120 3334.6807 3311.8876 3290.4879 3268.8596 3246.7711 3221.5351 3191.1423 3148.3727 3090.9291 3021.0750 2945.2460 2870.5734 2802.3300 2744.5989 2701.4249 2676.6979 2670.1909 2690.8591 2741.1343 2809.2826
0.0000 627.8923 436.2637 790.3670 1194.1770 1645.9717 2095.0992 2492.3283 2797.4622 2995.7184 3095.0025 3112.0242 3074.1013 3011.5580 2943.6374 2882.0627 2832.7636 2797.1347 2771.5881 2757.8634 2755.4194 2764.5638 2786.2123 2820.2857 2864.9387 2919.5523 2984.5212 3058.9590 3143.5947 3237.4111 3344.7924 3461.6016 3564.9414 3632.7142 3650.2969 3615.6406 3555.9764 3501.8671 3459.3445 3426.6882 3401.3401 3380.9214 3360.9209 3339.6882 3316.6997 3291.2204 3247.3136 3173.9796 3072.1676 2952.7926 2831.4939 2721.2380 2629.3903 2556.8038 2509.9778 2482.3899 2486.8737 2531.7738 2611.9259 2694.2498
0.0000 548.8120 288.5931 183.2935 321.3696 497.4268 743.1506 1052.1836 1387.5865 1722.6734 2005.5490 2224.5649 2380.0339 2481.2883 2541.2705 2574.1293 2593.8112 2611.6660 2634.1897 2661.3195 2693.7264 2731.6380 2782.1335 2847.6093 2927.0970 3017.1651 3109.6673 3214.9510 3334.1223 3457.5701 3581.0578 3687.5198 3762.0237 3781.0754 3718.4022 3608.6622 3527.0774 3467.0768 3423.4876 3389.8777 3364.7968 3349.7969 3338.0146 3317.0083 3289.3300 3253.1999 3171.1131 3032.4238 2867.2289 2693.3914 2532.6051 2405.9588 2313.2278 2241.4337 2195.6967 2190.8010 2220.4519 2283.8155 2388.0371 2458.7253
0.0000 446.0085 299.4652 216.5188 117.7651 164.4483 243.9994 319.7348 427.0685 585.6188 783.3592 991.4275 1192.3783 1381.7037 1551.9855 1701.3612 1838.2221 1977.0110 2115.1970 2248.9091 2379.7526 2504.9604 2632.9360 2778.3531 2937.4328 3106.1565 3269.2472 3441.8829 3596.0474 3712.9059 3786.5240 3825.3197 3819.9865 3757.9515 3596.0533 3440.7979 3362.2667 3297.6332 3243.8587 3209.0444 3190.6441 3195.7307 3198.7908 3137.6529 3085.3783 3089.8057 2886.2831 2694.3167 2510.2596 2295.7986 2100.8379 1952.2703 1864.0459 1760.4758 1739.3959 1778.2700 1830.6053 1857.3978 1990.5344 2042.6132
0.0000 311.4246 327.9201 358.2647 326.2716 235.8848 136.5105 156.4464 155.0057 198.8288 253.5088 330.0591 421.9872 534.3844 669.6913 823.3952 999.3524 1202.0645 1433.9202 1691.4940 1970.9197 2239.8007 2527.5727 2790.5976 3013.9954 3243.4873 3485.0345 3637.3194 3735.3623 3760.2443 3721.0804 3661.4303 3480.6122 3211.3096 3087.5401 3105.2241 3023.4589 2946.7240 2901.2824 2874.1437 2854.5584 2747.9214 2613.1511 2497.0055 2333.2874 1995.5090 1792.1301 1588.1898 1381.5465 1190.7465 1024.6539 860.3112 793.1200 729.3256 769.3349 870.3136 951.9181 1030.0910 861.5364 756.2994
0.0000 249.3412 427.2090 577.3867 721.3063 834.4201 873.3985 825.7392 728.9320 601.9337 456.4171 302.6302 155.2181 244.2105 350.4906 477.3774 629.6699 821.7432 1041.8809 1262.1428 1477.8645 1689.6046 1879.4925 2091.7517 2316.5553 2476.3535 2571.6022 2649.0068 2654.9644 2593.9913 2495.4957 2352.1382 2227.6958 2112.0067 1972.7066 1805.9755 1709.9334 1633.6062 1556.2183 1470.4885 1349.6083 1246.9424 1130.4646 1016.3199 901.6906 842.7045 752.9002 624.8043 503.2375 375.5680 246.2379 170.6338 102.4491 77.4140 84.2603 109.8207 130.1770 88.0167 58.4524 12.6632
0.0000 0.0000 0.0000 0.0000 0.0000 0.0000 0.0000 0.0000 0.0000 0.0000 0.0000 0.0000 0.0000 0.0000 0.0000 0.0000 0.0000 0.0000 0.0000 0.0000 0.0000 0.0000 0.0000 0.0000 0.0000 0.0000 0.0000 0.0000 0.0000 0.0000 0.0000 0.0000 0.0000 0.0000 0.0000 0.0000 0.0000 0.0000 0.0000 0.0000 0.0000 0.0000 0.0000 0.0000 0.0000 0.0000 0.0000 0.0000 0.0000 0.0000 0.0000 0.0000 0.0000 0.0000 0.0000 0.0000 0.0000 0.0000 0.0000 0.0000
