tool_adapters/Deltares_HABITAT/example_maps/Tenryuu_river/standard_maps/suspended_sediment_ascending_max.asc
ncols          735
nrows          17
xllcorner      -61262.8867
yllcorner      -118292.6406
cellsize       25
[rows 0 to 16 of 17, columns 201 to 267 of 735]
0.0000 0.0000 0.0000 0.0000 0.0000 0.0000 0.0000 0.0000 0.0000 0.0000 0.0000 0.0000 0.0000 0.0000 0.0000 0.0000 0.0000 0.0000 0.0000 0.0000 0.0000 0.0000 0.0000 0.0000 0.0000 0.0000 0.0000 0.0000 0.0000 0.0000 0.0000 0.0000 0.0000 0.0000 0.0000 0.0000 0.0000 0.0000 0.0000 0.0000 0.0000 0.0000 0.0000 0.0000 0.0000 0.0000 0.0000 0.0000 0.0000 0.0000 0.0000 0.0000 0.0000 0.0000 0.0000 0.0000 0.0000 0.0000 0.0000 0.0000 0.0000 0.0000 0.0000 0.0000 0.0000 0.0000 0.0000
46.0785 45.6825 46.9524 50.4936 57.9879 67.6605 77.0606 83.5498 82.3727 66.3286 42.8510 19.1017 18.7445 27.6586 48.9255 48.3716 51.4535 59.0193 67.6819 79.3830 91.3982 105.4261 127.6469 142.4549 152.3714 155.4573 153.1286 148.0558 142.1142 135.6935 129.5886 124.4521 120.3191 117.0281 114.3392 111.9893 109.7899 107.6492 105.5439 103.2364 100.1523 95.9281 90.3565 83.4828 75.5869 67.3374 59.2519 52.4263 47.1221 43.2675 40.5263 38.5727 37.2026 36.3610 35.9160 35.7626 35.8103 35.9203 35.9412 35.7779 35.3213 34.5286 33.1348 30.9880 27.9897 24.1511 20.2334
39.8796 37.9349 36.3706 34.9664 34.1429 34.0417 36.1748 42.4255 55.0916 80.3398 114.9549 109.1109 101.7387 95.6220 85.2164 87.5962 89.1943 88.7523 89.4571 91.4728 96.4008 103.1534 105.2014 112.7811 122.1326 131.2859 137.1975 139.1839 137.3964 133.7945 129.3959 125.0019 121.0378 117.5294 114.4498 111.6865 109.1771 106.9189 104.9253 103.0807 101.0039 98.2660 94.4460 89.2146 82.7220 75.4473 67.8000 60.5554 54.1818 48.9792 44.8994 41.8468 39.6529 38.0540 36.8797 35.9992 35.3320 34.8252 34.3921 33.9751 33.5381 33.2178 33.1462 33.4105 33.9485 34.6321 34.3345
37.9643 36.4304 35.1319 34.0011 32.9634 32.2131 31.9478 32.1588 34.6586 42.8551 61.2514 81.2442 94.7698 98.6999 95.4284 94.4643 93.4985 91.9265 91.1623 91.4926 92.6583 94.1450 95.1456 96.8019 99.8664 104.2835 109.6852 114.8080 118.8821 121.1571 121.7141 120.7975 118.8820 116.5032 113.9718 111.3195 108.6650 106.1112 103.7089 101.4474 99.1834 96.7041 93.7522 90.0549 85.4113 79.9157 73.8391 67.7047 61.8566 56.6393 52.1068 48.2497 45.0009 42.2911 40.1527 38.4548 37.0200 35.7409 34.5975 33.5718 32.6625 31.8544 31.2839 30.9405 30.8445 31.0046 31.4596
44.3107 41.1214 39.1765 38.0949 37.5529 37.5744 37.9116 38.6127 39.8887 41.7892 45.1160 50.4268 57.1688 63.5343 68.6048 72.2343 74.3618 75.2082 75.4848 75.6802 76.1159 76.6341 77.2134 78.5994 80.3435 82.9155 86.5223 91.2682 96.7270 101.9495 106.0954 108.8499 110.3090 110.3858 109.1632 107.2702 104.9999 102.5781 100.0928 97.6248 95.2094 92.8335 90.3976 87.7219 84.6095 80.8937 76.6302 72.0853 67.4688 63.0707 58.9929 55.2608 51.8677 48.7997 45.9317 43.3049 40.9809 38.9342 37.1127 35.4802 34.0287 32.7344 31.5993 30.6308 29.7975 29.0571 28.3678
57.1693 53.1936 49.6472 46.9714 45.2430 44.2761 43.9467 44.3679 45.4341 46.9889 49.1218 51.2967 53.2765 54.8692 56.0292 56.5360 56.4671 56.2271 56.0580 56.0966 56.4560 57.1440 58.3036 60.1244 62.8457 66.2278 70.2357 74.8157 79.8117 84.6485 88.7633 91.8940 93.8526 95.1051 95.8297 95.9538 95.5178 94.4599 92.9719 91.1849 89.2128 87.1777 85.1398 83.0367 80.7762 78.2604 75.4378 72.3554 69.0896 65.8477 62.7208 59.7478 56.9478 54.3182 51.8664 49.5400 47.3101 45.1725 43.1056 41.1062 39.1482 37.2747 35.4487 33.7291 32.2231 30.8315 29.5767
65.3366 62.2012 59.3052 56.5065 53.9474 51.9186 50.6644 49.9039 49.5253 49.4591 49.3249 49.2630 48.9693 48.0441 46.4946 45.1659 44.1321 43.5218 43.2756 43.3299 43.7694 44.7783 46.5249 49.1897 52.7211 57.1929 62.2908 67.6789 72.3376 75.2198 76.2962 76.2636 75.8493 75.4069 75.4753 75.9872 76.7812 77.6998 78.4953 78.9935 79.0661 78.5829 77.5680 76.2358 74.6824 72.9624 71.0992 69.1190 67.0488 64.9381 62.8133 60.7395 58.7444 56.8124 54.9600 53.2009 51.4940 49.8063 48.1307 46.4225 44.6661 42.8284 40.9955 39.1666 37.1509 35.1208 33.1612
65.6035 64.3833 63.0588 61.5867 59.8172 57.8059 55.3615 52.9443 50.6185 48.3837 46.3381 44.4031 42.7893 41.6193 40.6906 39.7486 39.1293 38.8240 38.8234 39.3457 40.5308 42.4691 45.2132 48.7934 53.2846 58.7787 64.6413 69.3985 69.5893 67.1828 64.2742 61.6782 59.7131 58.3264 57.3655 57.0533 57.4636 58.5182 60.0160 61.6848 63.2532 64.5626 65.4933 65.9487 65.9382 65.4733 64.6997 63.7657 62.7175 61.5929 60.4392 59.2112 57.9528 56.7339 55.5578 54.3937 53.2743 52.2379 51.2789 50.3916 49.5251 48.5912 47.3135 45.5556 43.5327 41.3132 39.0200
58.7013 58.6747 58.6816 58.8851 59.1879 58.8573 58.0451 56.4714 54.0780 51.1337 48.2291 45.5019 43.1492 41.2432 39.9434 39.2296 39.0238 39.2797 40.2211 41.8842 44.2427 47.2274 50.8596 55.3376 60.9641 67.1829 69.3433 65.5788 60.7495 56.2073 52.2380 49.0473 46.6412 45.0626 44.0459 43.4613 43.3129 43.7044 44.6682 46.1281 47.9054 49.7791 51.5748 53.1593 54.4847 55.5605 56.3594 56.9136 57.1971 57.1532 56.7530 56.1931 55.5666 54.9556 54.3213 53.7604 53.3263 52.9957 52.7622 52.6254 52.4974 52.1704 51.4867 50.4163 48.9325 46.9669 44.5694
46.5823 48.5869 49.4513 49.7266 49.9032 50.6012 51.4639 52.1088 52.4933 52.3945 51.3070 49.5175 47.5614 45.8396 44.5790 43.8952 43.9415 44.8439 46.4713 48.7000 51.4141 54.6725 58.9084 64.2539 69.3609 67.3742 61.6786 55.6531 50.2238 45.5574 41.7500 38.7456 36.5948 35.1540 34.3129 33.9938 33.9166 34.0298 34.4469 35.2562 36.5221 38.1971 40.1616 42.2356 44.2754 46.2449 48.1011 49.8039 51.2410 52.1823 52.5867 52.5063 52.1758 51.7480 51.5987 51.6168 51.6100 51.7368 52.0304 52.4601 52.7726 52.5227 51.8163 50.8216 49.4510 48.1553 46.8956
28.4549 30.9432 33.6804 35.6066 36.7644 37.2766 37.9297 39.0937 40.4901 42.0032 43.7748 45.6329 47.1524 48.4181 49.5011 50.5626 51.5396 52.3069 53.5499 55.2504 57.5770 60.8806 65.3390 67.7488 63.4778 57.2854 50.9195 45.3409 40.3563 36.2368 32.9467 30.6874 29.2190 28.2803 27.8104 27.4955 27.5152 27.6922 27.9022 28.3924 29.3565 30.9111 32.7393 34.5662 36.4443 38.4932 40.6791 42.8949 45.0304 46.4622 47.2019 47.4972 47.5023 47.5773 47.4510 47.3603 47.6216 48.2188 49.0610 49.7504 50.2812 49.8312 48.7518 47.5073 46.2090 44.8894 43.6879
13.8755 14.9487 16.5806 19.0564 21.4526 23.8949 26.1323 28.6559 31.9499 35.9066 40.0720 44.4422 48.3902 51.2140 52.9897 53.7986 54.2377 54.6038 55.4749 57.0196 59.5307 62.9729 63.0261 58.2494 51.9995 46.1282 40.5555 35.7452 31.6941 28.8322 27.0002 25.7038 24.8279 24.2067 23.5960 23.2853 23.2150 23.2219 23.5700 24.1723 25.4440 26.7239 27.7834 29.0115 30.6736 32.7162 35.0637 37.6954 40.5737 42.1801 42.7113 42.7034 42.1474 41.7325 42.1055 43.2365 44.6612 45.9814 46.1046 45.5066 45.3637 44.0686 42.9289 41.8859 39.8239 38.0074 36.3092
11.0537 11.8508 13.1025 15.4128 19.8559 24.6956 29.9453 34.5016 38.3481 42.1231 45.3673 47.7520 49.6141 51.6022 53.2422 54.1446 53.5707 52.9470 53.6037 55.4084 58.2134 56.3317 51.9801 45.6950 39.9397 34.4765 30.3760 27.4566 25.7606 24.4853 23.3088 22.5847 22.1254 21.5244 21.0396 20.5661 20.2590 20.4479 21.1008 22.3216 23.0421 23.5270 24.2699 25.4706 27.3266 29.6444 31.9266 34.0071 37.1532 37.6488 37.0553 36.2824 35.2818 34.8443 35.8883 37.9137 36.9316 35.6399 33.7624 31.4944 30.0207 28.5063 27.5218 28.2101 24.5761 22.9699 22.4020
14.5033 17.7461 22.7494 28.1981 31.8806 34.4960 35.9422 36.9552 37.6725 37.5142 37.3444 37.2771 38.8269 40.6688 42.9479 45.4187 47.9360 50.0051 52.2902 52.1582 48.2190 42.3294 34.3982 28.9098 26.1979 23.4686 21.5532 20.5100 19.7693 18.9305 18.6434 18.5151 18.7238 18.6575 18.7866 19.0873 19.4635 20.2599 21.1753 21.6650 21.8876 22.1623 22.6764 23.8848 25.1406 26.2484 26.3468 25.4776 26.5367 24.8715 24.9591 25.7711 27.0204 26.7700 23.8412 18.8449 15.2983 11.3707 8.0278 5.3614 1.8916 0.0000 0.0000 0.0582 6.0621 10.9330 15.3851
13.6355 14.3465 12.9719 10.6440 9.0453 8.4414 8.5440 9.2787 10.5817 12.6397 15.3008 18.6698 21.2546 24.6279 28.8554 33.9120 39.1969 42.8491 41.5958 37.9326 31.4863 25.8034 21.9316 18.0834 13.4650 10.9106 9.6294 9.1849 9.8472 11.4896 12.9735 14.3442 15.6046 17.5568 19.2552 20.6649 21.7258 22.0645 21.7583 21.1719 20.6024 19.9676 19.0616 17.3993 15.2996 12.5848 10.0122 7.4277 1.4090 0.0000 0.0000 0.0000 0.0000 0.0000 0.0000 0.0000 0.0229 0.0000 0.0000 0.0000 0.0000 0.0000 0.0000 0.0000 0.0000 9.7349 20.3256
0.0000 0.0000 0.0000 0.0000 0.0000 0.0000 0.0000 0.0001 0.0001 0.0001 0.0000 0.0000 0.0000 0.0000 0.0000 0.0000 0.0000 0.0000 0.0000 0.0000 0.0000 0.0000 0.0000 0.0000 0.0000 0.0000 0.0000 0.0000 0.0000 0.0000 0.0000 0.0000 0.0000 0.0000 0.0000 0.0000 0.0000 0.0000 0.0000 0.0000 0.0000 0.0000 0.0000 0.0000 0.0000 0.0000 0.0000 0.0000 0.0000 0.0000 0.0000 0.0000 0.0000 0.0000 0.0000 0.0000 0.0000 0.0000 0.0000 0.0000 0.0000 0.0000 0.0000 0.0000 0.0000 0.0000 0.0000
0.0000 0.0000 0.0000 0.0000 0.0000 0.0000 0.0000 0.0000 0.0000 0.0000 0.0000 0.0000 0.0000 0.0000 0.0000 0.0000 0.0000 0.0000 0.0000 0.0000 0.0000 0.0000 0.0000 0.0000 0.0000 0.0000 0.0000 0.0000 0.0000 0.0000 0.0000 0.0000 0.0000 0.0000 0.0000 0.0000 0.0000 0.0000 0.0000 0.0000 0.0000 0.0000 0.0000 0.0000 0.0000 0.0000 0.0000 0.0000 0.0000 0.0000 0.0000 0.0000 0.0000 0.0000 0.0000 0.0000 0.0000 0.0000 0.0000 0.0000 0.0000 0.0000 0.0000 0.0000 0.0000 0.0000 0.0000
