tool_adapters/Deltares_HABITAT/example_maps/Tenryuu_river/standard_maps/suspended_sediment_ascending_max.asc
ncols          735
nrows          17
xllcorner      -61262.8867
yllcorner      -118292.6406
cellsize       25
[rows 0 to 16 of 17, columns 268 to 334 of 735]
0.0000 0.0000 0.0000 0.0000 0.0000 0.0000 0.0000 0.0000 0.0000 0.0000 0.0000 0.0000 0.0000 0.0000 0.0000 0.0000 0.0000 0.0000 0.0000 0.0000 0.0000 0.0000 0.0000 0.0000 0.0000 0.0000 0.0000 0.0000 0.0000 0.0000 0.0000 0.0000 0.0000 0.0000 0.0000 0.0000 0.0000 0.0000 0.0000 0.0000 0.0000 0.0000 0.0000 0.0000 0.0000 0.0000 0.0000 0.0000 0.0000 0.0000 0.0000 0.0000 0.0000 0.0000 0.0000 0.0000 0.0000 0.0000 0.0000 0.0000 0.0000 0.0000 0.0000 0.0000 0.0000 0.0000 0.0000
17.0137 14.2763 12.2737 11.0621 10.2365 9.7364 9.4819 9.0946 8.5798 8.0039 7.3932 6.8224 6.1969 5.5517 4.8547 4.3451 4.0164 2.2037 0.0000 0.0000 0.0000 0.0000 0.0000 0.0000 0.0568 0.0000 0.0000 0.0000 0.8257 0.6350 0.5164 0.5185 0.5356 0.5493 0.5494 0.5181 0.4609 0.3840 0.3055 0.2320 0.2297 0.0588 0.0000 0.0000 0.0000 0.0000 0.0000 0.0000 0.0000 0.0000 0.0000 0.0000 0.0000 0.0000 0.0000 0.0000 0.0000 0.0000 0.0000 0.0000 0.0000 0.0000 0.0000 0.3437 1.3292 2.0601 2.7839
32.3731 29.8154 26.7806 24.0637 21.6340 19.4947 17.6327 16.3468 15.3627 14.4763 13.8020 13.3535 13.0560 12.5652 12.1393 12.0501 12.0473 11.3388 10.1650 9.4431 8.8871 8.3667 7.9089 7.5404 7.1836 6.8417 6.4673 6.1014 5.4721 5.0538 4.7977 4.5920 4.3736 4.1784 4.1193 4.1472 4.2795 4.4507 4.6254 4.8596 5.1313 5.4019 5.7266 6.0772 6.3955 6.6975 6.9628 7.3138 7.6565 8.1193 8.9430 9.1651 8.4844 7.7148 7.2424 6.9448 6.7700 6.6266 6.3966 6.1452 5.4264 5.0520 5.0871 5.4604 5.7505 6.4145 7.6050
31.9346 32.1314 31.6993 31.0315 30.0931 29.1330 28.3969 27.8301 27.0475 26.2010 25.2862 24.1723 22.9385 21.7310 20.6884 19.9801 19.4275 18.6746 17.7225 16.8065 16.0764 15.4955 14.9227 14.2968 13.6456 13.0319 12.4745 11.9730 11.5016 11.0624 10.6790 10.3872 10.1894 10.0633 10.0471 9.9566 9.9539 9.9783 9.9962 9.9291 9.8045 9.6008 9.4194 9.3908 9.5439 9.7607 9.9487 10.1931 10.3638 10.2664 9.7971 9.5678 9.8914 9.9910 9.6152 9.1171 8.6036 8.1678 8.0803 8.9757 9.5450 9.5238 10.0780 10.9236 12.2243 13.7965 15.4244
27.7559 27.2326 26.9381 26.3484 25.7410 25.0771 24.6123 24.5378 24.7582 25.0523 25.1788 25.2817 25.7285 26.8714 27.8793 28.5977 28.9899 28.9232 28.2996 27.1660 25.6858 24.1427 22.7378 21.5193 20.4931 19.6346 18.8860 18.1918 17.5427 16.9591 16.4701 16.0929 15.9013 16.0538 16.7176 17.5375 17.8159 17.9093 17.9059 17.8680 17.7513 17.6922 17.5098 17.0923 16.3886 15.4153 14.4642 13.5373 12.7903 12.3210 11.8313 11.4067 11.1299 10.9348 10.8344 10.6779 10.4896 10.3932 10.4311 10.3610 11.7536 15.1088 14.0397 13.3279 14.6680 15.4668 16.0854
28.5320 27.3392 26.2139 25.1607 24.0680 23.0227 22.6389 22.0660 21.4531 21.0625 20.8159 21.0269 21.5733 22.1733 22.9614 23.9498 24.9462 25.9527 26.9314 27.8015 28.5149 28.8451 28.8199 28.5284 28.0986 27.7046 27.4044 27.2075 27.0881 27.0396 27.0358 27.0411 26.9345 26.4184 25.1025 24.0808 23.7301 23.6557 23.7331 23.9269 24.2713 24.7108 25.1387 25.2817 25.0442 24.4093 23.1525 21.4350 19.4142 17.3449 15.5949 14.5517 13.8661 13.3748 12.9745 12.6479 12.3942 12.4205 12.5222 12.5742 12.5822 13.5740 13.4499 13.3815 13.5420 13.9360 14.4351
31.3233 29.5800 27.7836 26.2076 24.6185 23.0293 21.9935 21.1691 20.2704 19.3497 18.7928 18.2891 17.8376 17.4775 17.2562 17.2474 17.6437 18.3270 19.1289 19.8052 20.3983 21.1964 22.2563 23.4326 24.5627 25.5710 26.5583 27.6492 28.7690 29.8745 30.9254 31.8770 32.6871 33.4166 34.2946 35.0324 35.6291 35.9852 36.1510 36.0987 35.7793 35.0805 34.1116 33.1289 32.3205 31.5687 30.8273 30.1946 29.6772 29.0971 28.3075 27.1533 26.0404 25.1945 24.6485 24.3248 23.9561 23.4002 22.7982 22.1495 21.2626 19.9637 19.1375 18.5159 18.0852 17.7712 17.6856
36.4432 33.9590 31.6128 29.3192 27.1924 25.3167 24.0205 23.0604 22.0855 20.9742 19.4559 18.2378 17.2269 16.4271 15.8650 15.5014 15.3250 15.5714 16.3403 17.4374 18.5817 19.7133 20.8376 21.8297 22.8124 23.7335 24.5102 25.0992 25.6702 26.2722 26.9464 27.7468 28.7988 30.2682 32.3431 34.4066 36.3157 38.1183 39.5445 40.4873 40.9724 41.0707 40.9727 40.7812 40.3124 39.7403 39.0362 38.1645 37.2787 36.5299 36.0555 36.0342 35.6820 34.9065 33.7930 32.5418 31.3552 30.3295 29.3282 28.3190 27.2147 26.0824 25.1888 24.5375 24.2940 24.3914 24.6412
42.4989 40.3837 37.9414 35.3275 32.5397 29.5774 27.5120 25.8931 24.8284 23.5928 22.8038 21.6295 20.7347 20.1695 19.9480 19.9865 20.1347 20.2642 20.3664 20.4911 20.6528 20.7380 20.8478 21.1853 21.6728 22.3026 23.0729 23.9812 24.9720 26.0841 27.5488 29.6019 31.7232 33.6565 35.3444 37.1603 39.0932 40.8874 42.6904 44.3160 45.7850 47.2553 48.5971 49.6903 50.5501 51.2004 51.6363 51.5283 51.2374 50.8735 49.8439 48.2430 46.7087 45.2856 44.0245 42.7737 41.5204 40.2394 39.0067 37.8385 36.8042 36.2016 35.7647 35.4904 35.3959 35.4691 35.7369
45.4732 43.9356 42.6207 41.3117 39.6728 37.7878 35.5547 33.5567 31.1869 29.4808 28.2993 27.6360 27.0864 26.7018 26.3893 26.2584 26.2302 26.1609 26.0619 25.9971 26.0116 26.1658 26.4187 26.6997 27.1676 28.0832 29.1826 30.5429 32.2557 34.3606 36.6027 38.6163 40.1523 41.2660 42.1283 42.9262 43.8009 45.0972 46.9130 49.3720 52.1864 54.8826 57.3952 59.7084 61.6742 63.1198 64.2495 64.7691 63.5162 61.4491 59.5527 57.5518 55.6225 53.8425 52.1800 50.7478 49.5450 48.4304 47.4242 46.5336 45.7729 45.2007 44.8147 44.6003 44.5179 44.5574 44.7489
42.5031 41.5368 40.6123 39.8641 39.3741 38.9814 39.3261 39.3592 38.2728 36.6594 35.2549 34.4050 33.6263 32.8422 32.0505 31.2155 30.4587 29.8882 29.4287 29.1898 29.7389 30.4134 31.0986 31.9113 33.0396 34.4861 36.3175 38.6664 41.2321 43.4208 45.0322 45.8371 45.8300 45.4591 45.0482 44.8715 45.1844 46.0563 47.5975 49.7713 52.5715 56.1342 59.9093 63.6252 67.2008 70.1624 72.0278 72.8785 72.7771 71.4058 69.3421 67.2251 65.1289 63.1198 61.3219 59.7277 58.2703 56.9596 55.7871 54.7699 53.9178 53.2348 52.7564 52.4531 52.3129 52.3576 52.6720
34.9210 33.9254 33.2635 32.8242 32.7180 33.3298 34.1784 35.2172 36.7603 37.8883 37.0691 35.6605 34.1484 32.7085 31.3622 30.2656 29.6380 29.4950 29.9315 30.9255 32.0673 32.9844 33.9451 35.2719 37.0384 38.9671 41.7124 44.7200 47.5706 50.4160 52.2740 53.1950 52.7533 51.0252 49.1051 47.6770 46.9855 47.2510 49.3587 52.5201 55.8992 59.7609 64.2152 68.7832 72.8204 76.1051 78.5698 80.1995 80.8790 79.9391 78.3350 76.4303 74.3302 72.1645 70.0678 68.1384 66.3986 64.8058 63.3824 62.1517 61.1487 60.3882 59.8593 59.6033 59.6294 59.9578 60.3864
22.8474 23.1672 23.2113 23.2679 23.7351 24.5025 25.2739 26.1697 27.3556 28.9387 30.6753 31.2442 31.0010 30.1546 29.1514 28.4138 28.6211 30.1074 32.7483 35.5214 36.3239 35.4238 34.8414 35.5223 38.3872 42.8674 48.1815 52.6698 55.4772 59.3061 60.5530 58.6986 55.6205 51.4087 48.2873 46.4384 45.6086 47.4636 51.4783 56.0804 61.3024 66.6362 70.5452 73.3767 76.2199 78.5456 80.7065 82.9283 84.3222 84.5828 84.3334 83.1813 81.4673 79.4627 77.4132 75.3346 73.3376 71.5429 69.9625 68.6105 67.5240 66.7367 66.3228 66.4143 66.9161 67.5163 67.4924
15.3079 14.5316 13.7839 13.6242 14.1442 14.9425 16.0095 17.1495 18.3489 19.4644 20.4930 21.7402 22.8227 24.4889 26.9701 29.3519 31.5694 39.1642 44.9277 42.5780 35.7852 28.6754 25.5694 28.7473 30.1414 26.8398 21.4295 17.0088 14.6690 12.0329 12.4241 16.2601 21.4278 27.1667 30.6276 33.5554 36.4850 39.1827 41.6903 43.2720 46.1926 50.3279 54.4698 59.2753 64.3120 68.9749 73.3748 77.2989 80.7939 85.4985 86.7392 87.0247 85.8465 84.3734 82.9311 81.1463 79.1537 77.4485 75.8949 74.5091 73.3648 72.4905 72.1726 72.6423 73.3203 71.1083 67.5200
15.0644 12.3125 10.4894 9.7796 9.9279 10.6101 11.5079 12.3190 12.7763 13.0931 13.4257 13.9817 15.3154 19.3937 22.8508 26.1284 31.1479 36.6222 29.4440 33.6650 18.2004 10.0278 8.9516 15.4360 19.2470 5.1317 0.8166 0.0000 0.0000 0.0000 0.0000 0.0000 0.0000 0.0000 0.0000 0.0000 0.0000 0.0000 0.6129 2.3510 5.3694 9.5432 15.6394 21.7994 28.4061 36.8777 45.8400 53.7932 61.3143 69.7906 77.3446 83.2064 85.0413 85.7611 85.9638 85.1293 83.6610 82.1258 80.4810 78.6485 76.6290 74.3053 71.2567 67.0208 63.0062 64.2400 65.7399
0.0000 0.0000 0.0000 0.0000 0.0000 0.0983 0.3701 0.0923 0.0000 0.0000 0.0000 0.0000 0.3860 0.8439 3.8219 7.3543 10.5692 9.2756 2.1338 0.0312 0.0000 0.0000 0.0000 0.0000 0.0000 0.0000 0.0000 0.0000 0.0000 0.0000 0.0000 0.0000 0.0000 0.0000 0.0000 0.0000 0.0000 0.0000 0.0000 0.0000 0.0000 0.0000 2.0085 7.9045 15.2625 24.1487 34.5129 43.2860 51.2068 59.2258 66.1009 73.2804 78.4914 82.4993 85.1591 86.0601 85.5757 84.3313 82.1909 79.3089 75.8221 71.7857 67.2540 62.3517 56.1848 46.5625 36.8740
0.0000 0.0000 0.0000 0.0000 0.0000 0.0000 0.0000 0.0000 0.0000 0.0000 0.0000 0.0000 0.0000 0.0000 0.0000 0.0000 0.0000 0.0000 0.0000 0.0000 0.0000 0.0000 0.0000 0.0000 0.0000 0.0000 0.0000 0.0000 0.0000 0.0000 0.0000 0.0000 0.0000 0.0000 0.0000 0.0000 0.0000 0.0000 0.0000 0.0000 0.0000 0.0000 0.0000 0.0000 0.0000 0.0000 0.0000 0.0000 0.0000 0.0000 0.0000 0.0000 0.0000 0.0000 0.0000 0.0000 0.0000 0.0000 0.0000 0.0000 0.0000 0.0000 0.0000 0.0000 0.0000 0.0000 0.0000
