tool_adapters/Deltares_HABITAT/example_maps/Tenryuu_river/standard_maps/suspended_sediment_egg_max.asc
ncols          735
nrows          17
xllcorner      -61262.8867
yllcorner      -118292.6406
cellsize       25
[rows 0 to 16 of 17, columns 340 to 407 of 735]
0.0000 0.0000 0.0000 0.0000 0.0000 0.0000 0.0000 0.0000 0.0000 0.0000 0.0000 0.0000 0.0000 0.0000 0.0000 0.0000 0.0000 0.0000 0.0000 0.0000 0.0000 0.0000 0.0000 0.0000 0.0000 0.0000 0.0000 0.0000 0.0000 0.0000 0.0000 0.0000 0.0000 0.0000 0.0000 0.0000 0.0000 0.0000 0.0000 0.0000 0.0000 0.0000 0.0000 0.0000 0.0000 0.0000 0.0000 0.0000 0.0000 0.0000 0.0000 0.0000 0.0000 0.0000 0.0000 0.0000 0.0000 0.0000 0.0000 0.0000 0.0000 0.0000 0.0000 0.0000 0.0000 0.0000 0.0000 0.0000
7.2368 11.8605 18.5327 22.3256 25.7837 28.0759 29.0575 28.9491 28.1757 27.4608 28.2024 30.9008 35.5503 41.3365 45.8386 46.0757 42.6402 42.0755 42.8336 44.1251 47.0637 49.8915 49.5566 48.6539 48.3341 49.3479 51.8773 55.5406 59.5168 63.0706 65.5516 66.9117 67.3752 67.0031 66.0739 64.9425 64.4291 64.5872 64.3891 63.2763 61.5305 60.1890 59.9399 59.8866 54.8988 52.7988 53.3110 57.7517 59.8653 60.9290 60.6786 60.6180 61.2030 61.7612 58.8723 52.2592 48.7439 42.9504 41.1449 39.8385 38.4001 36.1542 34.1236 29.8942 22.9761 15.7021 11.1428 9.3499
18.3537 18.7333 17.3964 17.9927 18.5400 19.1422 19.8718 21.0029 22.4253 25.8634 29.5879 33.4707 37.4085 40.6911 43.7918 48.3886 53.9907 54.9874 53.6418 51.6799 49.0198 45.8834 44.3248 43.0117 42.2020 42.1652 43.0767 44.9143 47.4164 50.2334 52.9022 55.1278 56.7938 57.7888 58.0054 57.6770 57.3297 57.9264 58.6770 59.8371 61.0703 61.1857 59.3477 57.1299 57.1427 54.3519 52.0497 50.2339 50.8561 52.4483 54.8867 56.5010 56.5342 55.9916 57.6183 60.8238 61.0083 62.4295 60.5919 59.0424 57.3060 55.8249 52.9750 51.6382 52.0596 51.5114 46.1006 42.2943
11.8016 12.8394 14.1892 15.3478 16.7336 18.4885 20.4584 23.7469 30.8756 35.9548 39.7108 41.5051 41.4474 41.1942 41.6549 43.1630 45.0185 46.4868 47.5896 47.2764 45.1588 42.7204 41.0570 39.7698 38.9119 38.6420 38.9877 39.8536 41.0881 42.4813 43.8478 45.0810 46.1105 46.8702 47.4137 47.7948 47.9976 48.6461 49.7082 50.9868 52.3736 53.6007 54.0521 52.7367 51.8970 50.8199 49.4798 47.4614 47.1128 47.4949 48.1872 48.7291 49.4174 49.7451 50.4882 52.5073 54.2025 56.9826 58.0706 58.3640 57.9854 57.1435 56.2419 54.9857 53.9224 53.2565 53.0362 51.8854
11.3772 13.1046 14.6838 16.6820 18.9573 21.4077 28.1156 37.4686 42.5440 43.7746 42.0155 39.7776 38.2442 37.4168 37.2784 37.5737 38.2077 38.7130 39.0835 39.6033 39.6252 38.9888 37.9831 37.1026 36.3949 36.0164 36.0028 36.3298 36.8787 37.5222 38.1211 38.5777 38.8249 38.8367 38.6477 38.3520 38.2663 38.4546 39.2737 40.4639 41.6862 42.8719 43.9008 44.3582 44.5719 44.5384 44.5093 44.3762 44.1306 43.8978 43.7442 43.4721 43.1693 43.2048 43.6222 44.3102 45.4451 47.0036 49.0822 50.7159 52.3324 53.4249 54.2137 55.0415 55.8754 56.5653 56.6746 56.0090
13.9427 15.5730 17.6779 19.9481 24.1456 34.1237 42.8955 45.5360 42.6322 38.8340 35.8224 33.7889 32.7512 32.4751 32.6811 33.1606 33.8561 34.4442 34.8032 34.8738 34.7223 34.2096 33.6503 33.0779 32.4745 32.0072 31.7706 31.7612 31.9229 32.1647 32.3798 32.5001 32.5119 32.4114 32.2116 31.9269 31.5858 31.4074 31.3959 31.5857 32.1308 32.7309 33.4246 34.1825 34.7962 35.4570 36.2613 36.9305 37.6824 38.2005 38.3563 38.1615 37.8445 37.5745 37.6014 37.9035 38.3446 39.1151 40.1675 41.7481 43.4803 45.3823 47.2120 49.1799 51.0427 52.3560 52.5533 52.2661
17.4503 19.6286 23.0034 29.5884 38.9506 45.6559 44.0761 38.1500 33.3703 30.3027 28.6523 27.9527 27.7601 27.8423 28.3789 28.9487 29.3727 29.5964 29.4522 28.8989 28.3987 27.8677 27.3014 26.6028 26.2745 26.2435 26.2884 26.4293 26.6409 26.8615 27.0385 27.1155 27.0894 27.0098 26.8782 26.7406 26.5173 26.1895 25.9651 25.8747 25.9360 26.0905 26.2992 26.7677 27.4124 28.0685 28.3528 28.7871 29.2154 29.6714 30.0641 30.3765 30.6233 30.8950 31.2005 31.6144 32.1721 32.8189 33.6065 34.5461 35.8175 37.4286 39.3940 41.5488 43.8403 45.9990 46.5870 46.4749
24.2450 28.1526 34.2287 41.5241 45.0882 40.1394 33.2085 28.3021 25.5393 24.2430 23.6718 23.3189 23.2191 23.2612 22.9775 23.0922 23.1787 23.0920 22.9102 22.6742 22.2159 21.9100 21.7086 21.6588 21.5027 21.1792 20.9980 20.9918 21.1020 21.2711 21.4649 21.6868 21.8897 22.0240 21.9952 21.8858 21.7865 21.7635 21.8879 22.1397 22.3143 22.4786 22.6207 22.7642 23.0575 23.7062 24.3096 24.5567 24.7227 25.0513 25.3193 25.5022 25.7895 26.1239 26.5361 26.9838 27.5201 28.2410 29.1285 30.1279 31.0939 32.1607 33.4028 34.9431 36.8036 38.9345 40.8097 41.5407
31.4939 35.9278 41.3194 41.9499 36.3849 29.4837 25.1461 23.0624 21.6993 20.6712 19.9282 19.3912 18.9807 18.6648 18.5704 18.1734 17.8052 17.5670 17.3978 17.2259 16.9703 16.6055 16.2796 16.0335 15.9187 15.9379 15.9690 15.9822 16.0026 16.0641 16.1517 16.2683 16.4330 16.6257 17.0317 17.1802 17.3869 17.6629 18.1497 18.6224 19.0490 19.4059 19.7783 20.2449 20.4663 20.7128 21.0772 21.3579 21.6705 21.8828 22.1339 22.3345 22.4981 22.7115 23.0278 23.4321 23.9094 24.4749 25.1827 25.9276 26.7542 27.4795 28.2560 29.1767 30.4236 32.2068 34.9414 36.0722
36.8135 40.0174 38.7860 33.3410 26.8108 23.6713 21.9203 19.7747 17.9258 16.6430 15.6994 15.0289 14.5485 14.2542 14.0309 13.9811 13.8691 13.6333 13.2591 12.8007 12.4129 12.0535 11.6302 11.1909 10.8542 10.6678 10.6059 10.6343 10.7398 10.8728 11.1676 11.5851 12.0258 12.5452 12.7676 13.3527 13.4551 13.5169 13.7504 14.1990 14.7193 15.1565 15.4500 15.6822 15.7933 15.9593 16.1977 16.5293 16.8603 17.1646 17.4186 17.6919 17.9531 18.2423 18.5897 19.0269 19.4881 19.8720 20.1217 20.5272 21.0989 21.8207 22.5402 23.2939 24.1562 25.1433 26.5702 29.1814
38.3283 36.0136 30.9187 25.0962 22.8474 20.4741 18.0163 16.2707 14.7014 13.4183 12.4637 11.8507 11.4543 11.2953 10.8819 10.7801 10.6251 10.3946 10.1015 9.7006 9.2286 8.7752 8.3709 8.0367 7.7713 7.5872 7.5058 7.5470 7.7090 7.9749 8.0897 8.1548 8.1662 7.9981 8.0649 7.9974 8.4426 8.8129 9.0805 9.4210 9.8375 10.2238 10.6035 10.9257 11.1786 11.4357 11.6402 11.8038 11.9683 12.1172 12.2800 12.4934 12.6903 12.9588 13.2927 13.6301 14.1025 14.6262 15.2348 15.7523 16.3600 17.2500 17.8046 18.3751 18.8965 19.7390 20.8145 22.2029
32.8844 28.6632 23.6257 21.9621 18.9688 16.9104 15.3204 13.0113 11.1368 10.0696 9.6394 9.4536 8.9004 8.5577 8.1592 8.0379 7.7413 7.4274 7.1073 6.7501 6.5328 6.3772 6.1782 5.9585 5.7534 5.5996 5.6579 5.7180 5.5071 5.1307 4.8572 4.6854 4.7273 4.8336 4.9505 4.9868 5.1210 5.6739 6.3888 7.0193 7.5681 8.0881 8.5801 8.9239 9.1510 9.2335 9.0864 8.9620 8.9630 8.9582 8.9250 8.9288 9.0003 9.1299 9.2672 9.6002 10.0667 10.6353 11.2299 11.7502 12.4113 13.0234 14.0908 15.0784 15.6121 15.9594 16.5438 17.2535
25.9877 22.0974 20.8590 18.0493 15.9602 13.9569 11.7283 9.2612 7.9233 7.5495 7.3572 6.4394 5.6981 5.0242 4.4220 4.7085 4.6306 4.7264 4.5986 4.2673 4.2397 4.3493 4.3186 4.2332 4.1205 3.9051 3.3935 2.8526 2.4368 2.0901 1.9336 1.9642 2.1021 2.5417 3.3038 3.9939 4.4614 4.5785 4.7112 5.0138 5.2650 5.4185 5.5323 5.6157 5.6508 5.9136 6.2403 6.3071 6.1372 5.7120 5.2937 5.0930 5.0873 5.1246 5.2853 5.5338 5.7553 6.1601 6.7901 7.7426 8.3040 8.8293 9.3773 10.3453 11.6125 12.6645 13.4338 14.1719
19.6835 19.0042 16.6634 14.7970 11.2230 8.0654 7.3351 5.1276 4.3088 3.3108 1.8529 1.3028 0.9671 0.8865 0.9123 0.1750 0.0342 0.0330 0.2867 0.7697 0.7578 0.5517 0.5356 0.5866 0.5828 0.5620 0.4876 0.3906 0.3011 0.2816 0.2966 0.3660 0.5247 0.8348 1.3825 1.9417 2.3755 2.6917 2.7717 2.6823 2.4871 2.2911 2.0941 1.9008 1.6970 1.2714 0.9359 0.8964 1.0231 1.5167 2.1301 2.5333 2.7707 2.9310 3.0547 3.1953 3.3555 3.4695 3.4954 3.5292 3.7574 4.2012 5.2051 6.1774 7.6887 9.0718 10.3553 11.6791
15.4782 15.3953 11.6173 8.5034 4.3870 2.3136 0.0055 0.0000 0.0000 0.0000 0.0000 0.0000 0.0000 0.0000 0.0000 0.0000 0.0000 0.0000 0.0000 0.0000 0.0000 0.0000 0.0000 0.0000 0.0000 0.0000 0.0000 0.0000 0.0000 0.0000 0.0000 0.0000 0.0000 0.0000 0.0709 0.1842 0.3060 0.3841 0.3232 0.1272 0.0000 0.0000 0.0000 0.0000 0.0000 0.0000 0.0000 0.0000 0.0000 0.0000 0.0000 0.1366 0.3648 0.6960 1.0348 1.2078 1.2747 1.2556 1.2130 1.1092 1.1310 1.3541 1.8252 2.4964 3.2243 4.4699 5.5738 6.5068
12.1331 6.4763 2.9449 0.0000 0.0000 0.0000 0.0000 0.0000 0.0000 0.0000 0.0000 0.0000 0.0000 0.0000 0.0000 0.0000 0.0000 0.0000 0.0000 0.0000 0.0000 0.0000 0.0000 0.0000 0.0000 0.0000 0.0000 0.0000 0.0000 0.0000 0.0000 0.0000 0.0000 0.0000 0.0000 0.0000 0.0000 0.0000 0.0000 0.0000 0.0000 0.0000 0.0000 0.0000 0.0000 0.0000 0.0000 0.0000 0.0000 0.0000 0.0000 0.0000 0.0000 0.0000 0.0000 0.0000 0.0000 0.0000 0.0000 0.0785 0.1426 0.1574 0.0677 0.0000 0.0000 0.0000 0.0173 0.1951
0.0000 0.0000 0.0000 0.0000 0.0000 0.0000 0.0000 0.0000 0.0000 0.0000 0.0000 0.0000 0.0000 0.0000 0.0000 0.0000 0.0000 0.0000 0.0000 0.0000 0.0000 0.0000 0.0000 0.0000 0.0000 0.0000 0.0000 0.0000 0.0000 0.0000 0.0000 0.0000 0.0000 0.0000 0.0000 0.0000 0.0000 0.0000 0.0000 0.0000 0.0000 0.0000 0.0000 0.0000 0.0000 0.0000 0.0000 0.0000 0.0000 0.0000 0.0000 0.0000 0.0000 0.0000 0.0000 0.0000 0.0000 0.0000 0.0000 0.0000 0.0000 0.0000 0.0000 0.0000 0.0000 0.0000 0.0000 0.0000
