tool_adapters/Deltares_HABITAT/example_maps/Tenryuu_river/standard_maps/suspended_sediment_ascending_max.asc
ncols          735
nrows          17
xllcorner      -61262.8867
yllcorner      -118292.6406
cellsize       25
[rows 0 to 16 of 17, columns 0 to 66 of 735]
0.0000 0.0000 0.0000 0.0000 0.0000 0.0000 0.0000 0.0000 0.0000 0.0000 0.0000 0.0000 0.0000 0.0000 0.0000 0.0000 0.0000 0.0000 0.0000 0.0000 0.0000 0.0000 0.0000 0.0000 0.0000 0.0000 0.0000 0.0000 0.0000 0.0000 0.0000 0.0000 0.0000 0.0000 0.0000 0.0000 0.0000 0.0000 0.0000 0.0000 0.0000 0.0000 0.0000 0.0000 0.0000 0.0000 0.0000 0.0000 0.0000 0.0000 0.0000 0.0000 0.0000 0.0000 0.0000 0.0000 0.0000 0.0000 0.0000 0.0000 0.0000 0.0000 0.0000 0.0000 0.0000 0.0000 0.0000
0.0000 0.0000 0.0000 0.0000 0.0000 0.0000 0.0000 0.0000 0.0000 0.0000 0.0000 0.0000 0.0000 0.0000 0.0000 0.0000 0.0000 0.0000 0.0000 0.0000 0.0000 0.0000 0.0000 0.0000 0.0000 0.0000 0.0000 0.0000 0.0000 0.0000 0.0000 0.0000 0.0000 0.0000 0.0000 0.0000 0.0000 0.0000 0.0000 0.0000 0.0000 0.0000 0.0000 0.0000 0.0000 0.0000 0.0000 0.0000 0.0000 0.0000 0.0000 0.0000 0.0000 0.0000 0.0000 0.0000 0.0000 0.0000 0.0000 0.0000 0.0000 0.0000 0.1082 0.0006 0.0000 0.0092 0.6308
0.0000 4.2355 8.8995 6.2118 3.4959 0.8854 0.0000 0.0000 0.0000 7.9527 9.8881 11.3870 12.9624 12.5103 9.0049 5.4532 2.7538 0.0000 0.0000 0.0000 0.0000 0.0000 0.0000 0.0000 0.0000 0.0000 0.0000 0.0000 0.1348 0.0000 0.2013 0.8734 1.2508 1.1400 0.9263 0.6855 0.5170 0.3508 0.0000 0.0000 0.0000 0.0000 0.0000 0.0000 0.0000 0.0000 0.0000 0.0000 0.0000 0.0000 0.0000 0.0000 0.0000 0.0000 0.0000 0.0000 0.0000 0.0000 0.0000 2.6181 4.3893 6.7532 7.8011 8.0993 8.5959 9.2958 10.3730
0.0000 35.8027 30.5693 28.4789 25.7141 22.7065 20.8739 19.9457 19.0950 15.4664 14.7453 15.7288 15.7493 15.6689 16.6462 17.0090 15.2361 11.0979 7.5678 3.5996 2.2249 1.2182 0.6779 0.4304 0.3458 0.3637 0.4977 0.9584 1.8148 2.4742 3.5074 4.3866 5.1219 5.7333 5.9990 6.0479 6.0906 6.3600 6.7555 7.3219 7.4184 6.9592 6.0942 5.0386 4.0673 3.3773 2.7751 2.1019 1.4320 0.9311 0.5649 0.3422 0.2700 0.2457 0.2364 0.3096 0.6270 1.2806 2.3935 3.2530 4.8717 6.9721 9.3108 12.1991 15.7441 18.6881 21.9098
141.1669 98.2395 77.2386 65.2962 57.3764 49.0239 42.5829 38.4588 36.4526 34.0401 31.9836 29.2429 26.7375 24.7900 23.9182 23.4191 22.5116 21.4269 20.1529 16.5241 13.6328 11.4401 9.9586 8.9754 8.3315 8.0115 8.2341 9.0242 9.8292 10.5241 10.8501 10.7669 10.3837 10.0309 9.8363 9.8124 9.8977 9.8902 9.8071 9.6940 9.8449 10.2281 10.6473 10.7983 10.4285 9.6187 8.8294 8.2459 7.5197 6.8364 6.2673 5.9042 5.7617 5.8230 6.0548 6.3500 6.7911 7.7718 8.9602 10.3254 12.1383 14.9480 18.0803 22.2771 26.1415 31.6410 37.0354
140.6059 142.0513 131.3178 121.6616 112.6488 102.4000 91.9505 82.2449 73.5602 65.4907 58.9053 53.2261 49.0024 45.9172 43.0419 40.6456 38.4584 36.5732 35.3081 33.3722 30.7071 27.2936 23.8634 21.2867 19.7661 19.6962 19.9244 19.2232 18.3862 17.7199 16.6740 15.2269 13.8420 12.8459 12.3491 12.1394 12.1327 12.1828 12.1907 12.1908 12.2703 12.5319 12.9141 13.4527 13.9325 14.2051 14.2572 14.1595 14.2038 14.3297 14.3285 14.1585 13.9557 13.9984 14.3060 15.0119 16.9571 19.0696 23.2929 29.0183 34.6733 39.5060 44.1803 47.7394 51.9152 55.9713 61.2207
140.0445 142.3500 154.0062 160.1637 162.7875 162.4986 158.7030 152.0001 143.7684 134.6589 124.0123 113.5447 101.6587 89.7692 79.5276 70.8260 64.0301 58.4450 53.3046 49.0186 45.5337 44.0704 42.5801 41.1088 40.0085 37.5656 34.8312 32.9983 31.0841 28.6938 26.3635 24.4457 23.0763 22.1215 21.5120 21.1989 21.1506 21.2473 21.4923 21.8597 22.3455 22.9302 23.7826 24.6645 25.6427 26.7143 27.8222 28.9202 29.7057 29.7196 29.8343 30.5502 32.1191 33.7690 36.1773 40.1300 43.8141 50.2860 55.6128 59.0024 62.7644 66.5499 70.5874 76.8257 84.4103 93.6916 105.1022
139.5906 145.8459 157.2756 168.3806 177.9335 183.9760 186.8051 186.5808 183.3916 177.6704 171.4737 164.4267 158.1943 151.4570 142.6650 132.9003 122.1486 112.7001 103.9898 95.2495 86.7100 77.4489 71.9524 67.3399 63.1768 59.1732 55.9855 53.3167 51.2037 49.1773 47.2781 45.7871 44.5926 43.7642 43.0489 42.6982 42.5156 42.4381 42.5143 42.8707 43.5638 44.5238 45.5644 46.8082 47.9903 49.1544 50.2714 51.3254 52.1037 53.3890 55.0212 56.2461 57.2396 59.4877 62.5690 66.5875 74.0527 79.1334 84.4507 91.1451 97.6021 104.6786 113.3207 123.3052 135.0089 149.4774 169.9932
139.3347 141.5769 138.7819 139.5932 142.4323 147.1257 153.4524 160.1258 166.0633 170.3847 171.3823 170.0562 167.4781 165.6821 165.3576 165.4280 165.0490 162.6689 158.5628 154.2139 149.1137 143.2603 133.3241 123.6984 113.8399 108.1345 101.9008 95.1759 88.8185 84.3423 81.4777 79.4012 77.6265 75.9122 74.8072 73.7682 73.1149 72.9992 73.3348 74.0141 75.0493 76.4777 78.2557 80.2159 82.4941 84.7092 86.6805 88.2936 90.1336 92.2825 94.4127 97.6019 101.6344 105.9678 111.2595 117.6922 120.6329 125.3639 130.3376 135.9536 143.0735 151.6294 161.8370 173.0409 184.8330 193.1133 193.5002
139.2522 105.8408 91.2607 86.0583 84.4146 85.4894 88.3095 92.5489 99.0423 107.1955 116.7237 126.2976 133.6383 136.0466 137.7122 140.0283 144.4173 150.7435 158.2235 164.9253 170.1390 173.8661 175.2971 172.7053 167.2026 157.3611 149.1573 141.9060 135.5769 129.9095 124.8652 120.6759 117.6515 115.9590 114.6678 114.0775 113.7079 113.3499 113.0671 113.0109 113.2698 113.9600 115.0946 116.8430 118.8537 121.2770 124.1584 128.0654 132.4683 136.7835 139.3748 140.1549 140.5982 142.5050 145.0280 147.6105 152.8128 158.0689 164.3833 169.3842 172.8470 176.7449 180.1949 180.3621 172.4506 156.4908 136.8836
0.0000 27.4597 34.1617 38.7888 40.5364 41.1653 41.6308 41.6668 43.2456 45.8529 50.3273 57.7572 68.6997 81.9975 91.7169 98.9386 105.1790 111.4024 118.8974 127.6239 137.1409 147.2021 157.2489 167.4907 176.9738 183.0899 184.4447 181.6186 175.7799 169.2637 163.5576 158.5277 154.0452 150.1584 146.9355 143.7637 141.1926 139.3405 138.1318 137.3676 137.1513 137.6881 139.1639 141.2747 144.8025 150.0748 156.9537 164.3660 169.0238 167.5757 165.4414 163.3479 160.2524 154.2316 148.1529 141.5536 139.4602 137.4442 136.6960 140.4249 144.8183 143.5381 138.4521 129.9350 113.1887 97.2274 85.6660
0.0000 5.8783 8.4022 6.6162 5.7978 5.5414 6.1289 9.1857 12.2687 17.1842 23.2675 29.3024 34.5635 40.0589 46.2105 52.4533 59.5842 67.7078 75.4225 83.0210 91.4771 100.2337 110.9553 122.8508 135.0677 147.7499 159.9282 171.0649 179.2073 182.0513 180.2597 176.5991 172.6672 168.8428 164.4733 160.3233 156.8539 153.9447 151.4312 149.5969 148.6042 148.7986 149.9255 153.4780 159.3903 169.7980 179.9326 175.7023 163.0788 149.7436 136.5327 124.7275 115.1393 108.7227 103.0550 98.8918 92.9434 91.9055 90.9328 86.4616 84.3353 85.7805 81.3994 74.8789 62.8708 53.9444 48.6522
0.0000 0.0000 0.0000 0.0000 0.0000 0.0000 0.0000 0.0000 0.0000 0.0000 0.0000 0.0000 1.2043 5.3487 12.9535 22.2197 30.4749 38.2769 44.0701 48.8474 53.3618 59.2603 66.1252 74.4204 84.0455 95.2140 108.3689 122.7694 136.9565 149.2929 158.6956 164.3339 166.8455 169.0624 168.7584 162.4920 157.6428 154.2994 150.8233 147.8582 146.0838 146.3330 149.4908 153.7774 160.4779 162.2745 146.5736 121.9286 97.8609 79.3479 68.3400 62.9597 60.0315 57.6329 56.5622 57.4764 56.7893 57.1630 54.6218 51.7538 51.8825 47.9763 39.9488 32.3293 27.3726 20.4998 5.4249
0.0000 0.0000 0.0000 0.0000 0.0000 0.0000 0.0000 0.0000 0.0000 0.0000 0.0000 0.0000 0.0000 0.0000 0.0000 0.0000 0.0000 0.0000 2.8965 8.7400 16.9750 26.1331 32.4571 38.5757 43.9215 49.4582 56.9119 66.8882 79.6246 93.8656 107.9815 119.9652 129.0386 150.9667 153.4921 143.1855 141.9403 139.3997 136.6742 134.3357 132.6203 133.5445 134.9637 124.8771 113.2225 107.7560 75.6104 59.6330 53.7695 50.2733 45.0839 39.3930 35.8006 33.2530 33.4847 34.5882 36.2708 33.3423 31.6527 29.0574 20.4787 11.1486 6.0058 0.0474 0.0000 0.0000 0.0000
0.0000 0.0000 0.0000 0.0000 0.0000 0.0000 0.0000 0.0000 0.0000 0.0000 0.0000 0.0000 0.0000 0.0000 0.0000 0.0000 0.0000 0.0000 0.0000 0.0000 0.0000 0.0000 4.6254 11.2791 19.5558 26.2464 33.9503 41.0323 49.6990 59.6417 70.0021 80.4625 85.8494 70.7615 71.5107 90.2810 93.9368 97.6103 100.8275 101.9459 98.8808 87.7639 69.6573 55.0030 34.9093 4.6661 0.4646 0.0000 0.0000 0.0000 0.0000 0.0000 0.0000 0.0000 0.0000 0.0000 0.0000 0.3634 0.0000 0.0000 0.0000 0.0000 0.0000 0.0000 0.0000 0.0000 0.0000
0.0000 0.0000 0.0000 0.0000 0.0000 0.0000 0.0000 0.0001 0.0001 0.0001 0.0000 0.0000 0.0000 0.0000 0.0000 0.0000 0.0000 0.0000 0.0000 0.0000 0.0000 0.0000 0.0000 0.0349 1.7789 5.9858 7.7591 9.8508 9.2172 6.5003 2.9953 0.0000 0.0000 0.0000 0.0000 0.0000 0.0000 0.0000 0.0000 0.0000 0.0000 0.0000 0.0000 0.0000 0.0000 0.0000 0.0000 0.0000 0.0000 0.0000 0.0000 0.0000 0.0000 0.0000 0.0000 0.0000 0.0000 0.0000 0.0000 0.0000 0.0000 0.0000 0.0000 0.0000 0.0000 0.0000 0.0000
0.0000 0.0000 0.0000 0.0000 0.0000 0.0000 0.0000 0.0000 0.0000 0.0000 0.0000 0.0000 0.0000 0.0000 0.0000 0.0000 0.0000 0.0000 0.0000 0.0000 0.0000 0.0000 0.0000 0.0000 0.0000 0.0000 0.0000 0.0000 0.0000 0.0000 0.0000 0.0000 0.0000 0.0000 0.0000 0.0000 0.0000 0.0000 0.0000 0.0000 0.0000 0.0000 0.0000 0.0000 0.0000 0.0000 0.0000 0.0000 0.0000 0.0000 0.0000 0.0000 0.0000 0.0000 0.0000 0.0000 0.0000 0.0000 0.0000 0.0000 0.0000 0.0000 0.0000 0.0000 0.0000 0.0000 0.0000
