tool_adapters/Deltares_HABITAT/example_maps/Tenryuu_river/standard_maps/suspended_sediment_descending_max.asc
ncols          735
nrows          17
xllcorner      -61262.8867
yllcorner      -118292.6406
cellsize       25
[rows 0 to 16 of 17, columns 272 to 339 of 735]
0.0000 0.0000 0.0000 0.0000 0.0000 0.0000 0.0000 0.0000 0.0000 0.0000 0.0000 0.0000 0.0000 0.0000 0.0000 0.0000 0.0000 0.0000 0.0000 0.0000 0.0000 0.0000 0.0000 0.0000 0.0000 0.0000 0.0000 0.0000 0.0000 0.0000 0.0000 0.0000 0.0000 0.0000 0.0000 0.0000 0.0000 0.0000 0.0000 0.0000 0.0000 0.0000 0.0000 0.0000 0.0000 0.0000 0.0000 0.0000 0.0000 0.0000 0.0000 0.0000 0.0000 0.0000 0.0000 0.0000 0.0000 0.0000 0.0000 0.0000 0.0000 0.0000 0.0000 0.0000 0.0000 0.0000 0.0000 0.0000
5.3174 5.0619 4.9667 4.9009 4.7585 4.6096 4.5815 4.4423 3.3333 2.6535 2.2134 1.9023 1.6251 0.5136 0.0000 0.0000 0.0000 0.0000 0.0000 0.0000 0.0335 0.0000 0.0000 0.0000 0.1548 0.0635 0.0565 0.0225 0.0187 0.0177 0.0227 0.0200 0.0136 0.0043 0.0000 0.0000 0.0000 0.0000 0.0000 0.0000 0.0000 0.0000 0.0000 0.0000 0.0000 0.0000 0.0000 0.0000 0.0000 0.0000 0.0000 0.0000 0.0000 0.0000 0.0000 0.0000 0.0000 0.0000 0.0000 0.0319 0.6351 1.1121 1.4240 1.6429 2.0284 2.4840 2.9740 3.3495
12.3560 11.5175 10.4746 9.5658 9.0846 8.7481 8.6383 8.6953 7.6474 6.8156 6.4059 6.2578 6.0952 5.5971 4.9830 4.6488 4.4152 4.2779 3.9306 3.6538 3.3836 3.1136 2.8385 2.5764 2.2749 2.0797 1.9852 1.9328 1.8971 1.8879 1.9553 2.1281 2.3530 2.5769 2.7818 3.0076 3.2398 3.4336 3.6077 3.7613 3.9104 4.0614 4.2003 4.3301 4.4693 4.7107 5.2742 5.3696 4.8387 4.2830 3.9578 3.7698 3.6808 3.6078 3.4933 3.2117 2.8053 2.7898 3.0050 3.2365 3.3814 3.5854 3.7212 3.8486 4.1363 5.0702 6.4054 8.1993
16.7358 16.7422 16.7782 16.5773 16.1674 15.6891 15.2936 14.7760 13.6061 12.3402 11.6528 11.0907 10.5757 9.9564 9.2871 8.7346 8.3911 8.0451 7.6188 7.1766 6.7308 6.3070 5.9181 5.5633 5.2426 4.9745 4.8302 4.8220 4.9183 5.0257 5.1175 5.1787 5.3205 5.4632 5.6006 5.6854 5.7279 5.7204 5.7081 5.7497 5.8578 6.0060 6.1365 6.2444 6.2890 6.1971 5.8179 5.6284 5.8367 5.8660 5.5792 5.2336 4.8835 4.5890 4.4547 4.7811 4.9373 5.1828 5.6829 6.3444 6.6137 6.5802 6.4108 6.1816 6.0411 5.8332 5.8832 6.0236
13.7891 13.8562 13.8049 13.7957 13.9342 14.1192 14.1920 14.2151 14.2494 14.8068 15.6906 16.2327 16.4520 16.3032 15.8086 15.0632 14.1462 13.1789 12.2708 11.4761 10.7915 10.2098 9.6880 9.1856 8.7038 8.2547 7.8658 7.7442 7.9199 8.2781 8.9110 9.5789 9.8255 9.9828 10.0938 10.1834 10.2277 10.2912 10.2808 10.1178 9.7801 9.2766 8.7756 8.2741 7.8043 7.4342 7.0637 6.7601 6.5521 6.4165 6.3231 6.1923 6.0447 5.8858 5.7748 5.5817 6.0183 6.8746 7.2257 7.0741 6.7761 6.3668 5.9110 5.5437 5.2543 5.1028 5.0957 5.2426
12.4581 12.4009 12.3446 12.1059 11.7421 11.4723 11.2148 11.2282 11.3721 11.6145 12.4015 13.2165 13.9349 14.5545 15.1037 15.6217 15.9512 15.9535 15.7430 15.3636 14.8798 14.4135 13.9783 13.5971 13.2441 13.0995 13.2667 13.6918 14.0495 14.1551 13.7520 13.4293 13.4607 13.5743 13.7304 13.9351 14.2001 14.4998 14.7627 14.8508 14.7195 14.3611 13.6476 12.6768 11.5948 10.4869 9.4560 8.6895 8.1903 7.8226 7.5250 7.2827 7.0920 6.9919 6.8929 6.7487 6.5399 6.5761 6.4578 6.5420 6.6203 6.6909 6.7294 6.7117 6.6154 6.5939 6.6394 6.7814
12.3101 12.1224 11.7971 11.4534 10.9990 10.4288 9.9455 9.5236 9.0958 8.8539 8.9888 9.1678 9.5202 10.0039 10.5495 10.9360 11.1742 11.4522 11.8144 12.1418 12.3712 12.5459 12.7721 13.3702 14.0951 15.0504 16.0007 16.9129 17.7511 18.5363 19.3917 19.9495 20.3676 20.6429 20.8014 20.8211 20.6722 20.2930 19.7525 19.1996 18.7375 18.2983 17.8548 17.4915 17.2592 16.9688 16.5422 15.8863 15.2183 14.6451 14.1844 13.7854 13.3188 12.7273 12.0936 11.4168 10.6003 9.6004 8.9107 8.6034 8.6028 8.4850 8.4467 8.4885 8.6367 8.7422 8.8376 9.1257
13.1638 13.0069 12.7348 12.3785 11.9656 11.3435 10.3092 9.3491 8.5423 8.2757 8.1898 8.1407 8.1178 8.2824 8.7592 9.1880 9.4121 9.6112 9.8289 10.2841 10.7800 11.5107 12.1789 12.7495 13.3163 13.8985 14.5169 15.2003 16.0254 17.0946 18.3847 19.4970 20.5283 21.5031 22.2804 22.7969 23.0631 23.1181 23.0626 22.9486 22.6697 22.3251 21.8912 21.4471 20.9770 20.5463 20.2200 20.0845 19.7399 19.1485 18.3484 17.4464 16.5578 15.7343 14.9124 14.0801 13.2014 12.3296 11.6046 11.0238 11.2017 10.9843 11.0693 11.1810 11.3717 11.6785 12.1408 12.7404
15.4266 14.9192 14.3733 13.6768 13.1110 12.4538 11.6941 10.7666 10.3981 10.4311 10.5392 10.6199 10.5607 10.3261 9.9768 9.4863 9.3784 9.4891 9.8630 10.3339 10.8576 11.4333 12.0655 12.7578 13.4810 14.2582 15.1128 16.0329 16.9619 17.8084 18.5801 19.4685 20.4592 21.4294 22.4335 23.3603 24.2011 25.0301 25.7636 26.3436 26.7849 27.0944 27.3846 27.3743 27.2093 26.9602 26.3237 25.3739 24.4364 23.5344 22.6806 21.8033 20.8988 19.9590 19.0305 18.1293 17.2631 16.4564 15.7339 15.1038 14.5658 14.8630 15.0274 14.9836 15.3164 15.6823 16.1627 16.9369
18.7811 18.9048 18.4746 17.5205 16.1025 14.5826 13.3302 13.3899 13.5123 13.4406 13.1356 12.6903 12.1121 11.4462 11.4020 11.6788 12.1647 12.6902 13.2139 13.6926 14.1300 14.5534 14.9956 15.4859 16.0512 16.6958 17.3301 17.8546 18.2431 18.5745 18.9373 19.3918 19.9782 20.8241 21.9439 23.3443 24.8725 26.3037 27.6209 28.8286 29.9748 30.8508 31.5606 31.9456 31.4357 30.4837 29.5874 28.5723 27.5471 26.5492 25.5717 24.6047 23.6404 22.6854 21.7492 20.8419 19.9819 19.1969 18.4940 17.8708 17.3131 16.8167 17.1146 17.6501 18.3100 18.8009 19.3067 20.1616
18.9608 19.5741 19.9050 19.5351 18.1219 16.4948 16.1787 16.0191 15.4263 14.5987 13.7404 12.8173 12.7591 13.0387 13.3514 13.7084 14.0967 14.4525 14.7212 14.9402 15.1865 15.5052 15.9036 16.3658 16.7626 16.9713 17.0011 16.8984 16.7522 16.7152 16.8737 17.1899 17.7204 18.4805 19.5066 20.7646 22.2590 24.0027 25.8369 27.6877 29.5154 31.1001 32.2342 32.9372 33.2027 32.7660 31.9172 30.9472 29.8867 28.7859 27.7172 26.6851 25.6701 24.6811 23.7236 22.8110 21.9531 21.1614 20.4509 19.8143 19.2465 18.7539 18.4282 19.2216 20.2515 21.1935 21.8394 22.1847
16.0998 16.2073 16.1084 15.6814 15.5321 16.1098 15.7926 15.0732 14.0986 13.0322 12.8046 12.7334 12.7119 12.7708 12.9281 13.0945 13.2464 13.3569 13.4829 13.6348 13.8014 13.9509 14.0881 14.1520 14.1509 14.3198 14.6257 15.0281 15.3190 15.4196 15.5157 15.7376 16.1310 16.7918 17.7815 18.9403 20.2604 21.8412 23.7415 25.7836 27.7360 29.5132 31.0331 32.2508 33.0878 33.1561 32.7787 32.1256 31.2640 30.2623 29.1989 28.1356 27.0978 26.0798 25.1002 24.1777 23.3314 22.5699 21.8943 21.3168 20.8385 20.4625 20.1231 20.6141 21.7193 22.5622 22.6203 21.2276
10.3492 10.1933 10.0112 10.4439 10.9164 11.4239 11.9164 11.8265 11.9115 11.7612 11.4823 11.1945 11.0740 11.1170 11.1912 11.2297 11.0957 10.8042 10.5190 10.3228 10.3145 10.3323 10.6251 11.0915 11.6097 12.4249 13.2412 13.5037 13.6731 13.6030 13.7065 13.9938 14.4015 15.0481 16.2041 17.6694 19.3960 21.2663 22.8291 24.1843 25.6800 27.1110 28.5570 30.0617 31.2782 31.9818 32.3058 32.1436 31.6140 30.8397 29.9395 28.9452 27.9215 26.9319 25.9909 25.1128 24.3183 23.6197 23.0462 22.6416 22.3685 22.1189 21.6681 21.3490 21.8987 21.4820 19.9650 17.4062
5.3059 5.5955 5.8482 6.0966 6.4632 6.9194 7.3622 7.8792 8.2386 8.5777 9.0453 9.3381 9.2599 9.1811 9.1122 8.4695 7.3562 6.3048 5.4053 4.5368 3.7221 3.2471 3.0732 2.7162 2.4930 2.2534 2.5252 3.7813 5.4540 7.4446 8.8573 9.8675 10.7074 11.5016 12.1835 12.4704 13.2199 14.4812 15.9032 17.6951 19.7151 21.7724 23.8308 25.7628 27.6002 29.8417 30.7361 31.1688 30.9318 30.4763 29.9303 29.1751 28.2807 27.4443 26.6263 25.8413 25.1194 24.4793 24.0158 23.8097 23.6633 22.5777 21.0566 19.7683 19.3877 18.0183 15.7095 13.3485
3.5230 3.6720 3.7279 4.0260 4.2515 4.4156 4.5281 4.6653 4.8096 4.9866 5.0471 5.1379 4.9725 4.2570 3.8240 3.4581 2.7344 2.0375 1.4985 1.0960 0.8284 0.4865 0.1265 0.0000 0.0000 0.0000 0.0000 0.0000 0.0000 0.0000 0.0000 0.0000 0.0000 0.0000 0.0332 0.5355 1.2939 2.4013 4.2221 6.0565 8.1286 10.9134 13.9674 16.7873 19.5895 22.7716 25.6802 27.9919 28.8335 29.2141 29.3425 29.0267 28.4293 27.7622 27.0189 26.1841 25.2694 24.2426 22.9718 21.3141 19.7507 19.8791 20.0746 19.1945 16.9233 14.8390 12.2232 10.3295
0.0000 0.0000 0.0737 0.0000 0.0000 0.0000 0.0000 0.0000 0.0838 0.2361 0.9508 1.5084 1.8143 1.5432 0.6833 0.0000 0.0000 0.0000 0.0000 0.0000 0.0000 0.0000 0.0000 0.0000 0.0000 0.0000 0.0000 0.0000 0.0000 0.0000 0.0000 0.0000 0.0000 0.0000 0.0000 0.0000 0.0000 0.0000 0.4616 2.1262 4.2781 7.0070 10.2598 13.1467 15.8456 18.6728 21.1660 23.7689 25.7605 27.2496 28.2132 28.5441 28.3475 27.8332 26.9841 25.8640 24.5292 23.0067 21.3234 19.5278 17.3461 14.1402 11.0140 9.0792 8.7242 9.2492 9.7799 8.8025
0.0000 0.0000 0.0000 0.0000 0.0000 0.0000 0.0000 0.0000 0.0000 0.0000 0.0000 0.0000 0.0000 0.0000 0.0000 0.0000 0.0000 0.0000 0.0000 0.0000 0.0000 0.0000 0.0000 0.0000 0.0000 0.0000 0.0000 0.0000 0.0000 0.0000 0.0000 0.0000 0.0000 0.0000 0.0000 0.0000 0.0000 0.0000 0.0000 0.0000 0.0000 0.0000 0.0000 0.0000 0.0000 0.0000 0.0000 0.0000 0.0000 0.0000 0.0000 0.0000 0.0000 0.0000 0.0000 0.0000 0.0000 0.0000 0.0000 0.0000 0.0000 0.0000 0.0000 0.0000 0.0000 0.0000 0.0000 0.0000
