tool_adapters/Deltares_HABITAT/example_maps/Tenryuu_river/standard_maps/suspended_sediment_egg_max.asc
ncols          735
nrows          17
xllcorner      -61262.8867
yllcorner      -118292.6406
cellsize       25
[rows 0 to 16 of 17, columns 204 to 271 of 735]
0.0000 0.0000 0.0000 0.0000 0.0000 0.0000 0.0000 0.0000 0.0000 0.0000 0.0000 0.0000 0.0000 0.0000 0.0000 0.0000 0.0000 0.0000 0.0000 0.0000 0.0000 0.0000 0.0000 0.0000 0.0000 0.0000 0.0000 0.0000 0.0000 0.0000 0.0000 0.0000 0.0000 0.0000 0.0000 0.0000 0.0000 0.0000 0.0000 0.0000 0.0000 0.0000 0.0000 0.0000 0.0000 0.0000 0.0000 0.0000 0.0000 0.0000 0.0000 0.0000 0.0000 0.0000 0.0000 0.0000 0.0000 0.0000 0.0000 0.0000 0.0000 0.0000 0.0000 0.0000 0.0000 0.0000 0.0000 0.0000
24.3670 28.3134 33.0385 37.0589 39.2043 37.5264 28.9478 18.8869 5.9768 6.2711 11.3430 22.9863 22.5724 24.1540 27.9593 32.2749 38.0962 43.9714 50.7518 61.7826 68.9491 73.6891 75.0510 73.7616 71.2299 68.3511 65.2835 62.3904 59.9641 57.9907 56.3896 55.0482 53.8452 52.6928 51.5468 50.3954 49.1257 47.4710 45.2681 42.4298 38.9777 35.1030 31.1465 27.3210 24.1055 21.6242 19.8476 18.6204 17.7901 17.2547 16.9815 16.9060 16.9689 17.1261 17.3141 17.4667 17.5357 17.4631 17.2113 16.6290 15.6197 14.1133 12.1071 10.0330 8.3384 7.0922 6.3633 5.7782
17.3105 16.6522 16.4789 17.6427 20.9047 27.0511 39.1652 55.0152 51.1130 47.9140 45.4446 40.5748 42.2896 43.5506 43.4949 43.8609 44.7612 47.0449 50.2719 50.9225 54.4679 58.9816 63.4350 66.3699 67.3222 66.4198 64.6493 62.5050 60.3920 58.4536 56.7221 55.1772 53.7632 52.4528 51.2500 50.1666 49.1502 48.0170 46.5650 44.6035 42.0088 38.8034 35.2097 31.4846 28.0312 25.0395 22.6293 20.7651 19.3962 18.4453 17.7913 17.3400 17.0338 16.8332 16.7066 16.6241 16.5565 16.4845 16.4847 16.6276 16.9643 17.4666 18.0638 18.0932 17.1668 15.8818 14.3194 13.2940
18.5243 17.5140 16.7285 16.3352 16.3764 17.6887 21.8055 30.9032 40.5976 46.8270 48.7331 47.0132 46.5813 46.1585 45.4376 45.0330 45.0541 45.5209 46.1297 46.5210 47.2241 48.6594 50.8631 53.5634 56.1338 58.1379 59.1895 59.3364 58.6813 57.6013 56.3247 54.9713 53.5663 52.1652 50.8174 49.5502 48.3572 47.1700 45.8877 44.3864 42.5290 40.2314 37.5479 34.6052 31.6576 28.8720 26.4076 24.2855 22.4927 20.9940 19.7575 18.8070 18.0810 17.4982 17.0144 16.5897 16.2225 15.9183 15.6699 15.5514 15.5643 15.7224 16.0374 16.5300 17.0179 17.3412 17.2878 17.0939
21.9628 21.4363 21.1396 20.9854 21.1346 21.6536 22.5073 23.9276 26.1928 29.2788 32.1367 34.2670 35.6860 36.4252 36.6355 36.6716 36.7129 36.8997 37.1589 37.4788 38.2604 39.2212 40.5891 42.4662 44.8565 47.5215 49.9857 51.8555 53.0206 53.5134 53.3209 52.5602 51.5083 50.2926 49.0152 47.7249 46.4560 45.2243 44.0237 42.8075 41.4860 39.9657 38.1637 36.1065 33.9218 31.7161 29.6260 27.6981 25.9469 24.3690 22.9518 21.6384 20.4517 19.4158 18.5173 17.7451 17.0772 16.5079 16.0240 15.6296 15.3207 15.0851 14.9022 14.7485 14.6276 14.5435 14.5870 14.4374
28.6330 27.1226 26.0938 25.6608 25.5886 25.8918 26.5190 27.3794 28.1019 28.4363 28.4895 28.3106 27.9424 27.4565 27.0151 26.7086 26.6247 26.7645 27.1429 27.8270 28.8915 30.4322 32.2650 34.3248 36.5604 38.9107 41.1136 42.9399 44.2917 45.0749 45.5336 45.7505 45.7085 45.4390 44.9012 44.1503 43.2543 42.2717 41.2629 40.2665 39.2505 38.1679 36.9699 35.6309 34.1639 32.6158 31.0813 29.6102 28.2218 26.9273 25.7284 24.6288 23.5962 22.6215 21.7012 20.8225 19.9832 19.1677 18.3952 17.6415 16.9417 16.3537 15.8240 15.3661 15.0187 14.5708 14.1484 13.7472
33.5665 32.4984 31.3531 30.1728 29.2052 28.6343 28.1657 27.6381 26.8380 25.7226 24.3890 23.0349 21.8812 21.0145 20.4792 20.1435 20.0655 20.2872 20.8669 21.8761 23.3726 25.2820 27.5918 30.1012 32.6342 34.7468 35.9276 36.2454 36.0642 35.7430 35.4457 35.4251 35.6487 36.0278 36.4851 36.9049 37.1878 37.2632 37.0704 36.6039 35.9859 35.2694 34.4747 33.6160 32.6971 31.7307 30.7500 29.7706 28.8242 27.9291 27.0779 26.2830 25.5486 24.8481 24.1702 23.5112 22.8457 22.1588 21.4226 20.6817 19.9360 19.0791 18.2054 17.3609 16.5725 15.8239 15.0251 14.3349
33.0385 32.7565 32.2425 31.3977 30.1866 28.5347 26.8532 25.2065 23.7148 22.3330 21.0095 19.8437 18.8891 18.2701 17.8857 17.7869 18.0342 18.6880 19.7808 21.3077 23.2364 25.5348 28.2304 30.9923 33.0387 32.7269 31.2896 29.7102 28.3664 27.3890 26.7347 26.3123 26.2087 26.4621 27.0361 27.8358 28.7224 29.5545 30.2479 30.7591 31.0403 31.1048 30.9661 30.6611 30.2594 29.7882 29.2778 28.7654 28.2348 27.7117 27.2350 26.7912 26.3723 26.0036 25.6883 25.4269 25.2166 25.0266 24.7876 24.3385 23.6193 22.7535 21.7764 20.7491 19.5490 18.3833 17.2797 16.1797
27.9821 28.4305 28.9035 29.2592 29.3015 28.6719 27.2768 25.6216 23.8402 22.0703 20.5384 19.3619 18.6003 18.1725 18.0827 18.4696 19.3252 20.6070 22.2395 24.1821 26.4800 29.2085 32.1356 32.6752 30.4073 27.7905 25.4282 23.4435 21.9022 20.7837 20.0958 19.6834 19.4821 19.4917 19.7662 20.3242 21.1295 22.0939 23.1086 24.0909 24.9723 25.7256 26.3497 26.8421 27.1922 27.3746 27.3758 27.2137 27.0160 26.8138 26.6524 26.4946 26.4106 26.4087 26.4950 26.6638 26.8970 27.1255 27.1953 27.0428 26.6689 26.0835 25.2354 24.1377 23.2208 22.2747 21.1220 19.8447
21.8343 21.9191 22.4209 23.2445 24.1636 25.1688 25.9303 25.7334 24.7856 23.5766 22.4103 21.4763 20.8817 20.6247 20.9238 21.7079 22.8789 24.3243 26.0209 28.1638 30.7871 33.0084 31.4062 28.2078 24.9919 22.2229 19.9287 18.1192 16.7437 15.7933 15.1992 14.8817 14.8154 14.8706 15.0186 15.3224 15.8405 16.6127 17.6050 18.7253 19.8700 20.9852 22.0694 23.0988 24.0239 24.7516 25.2086 25.4460 25.5036 25.4864 25.4371 25.5874 25.8282 26.0928 26.4435 26.9172 27.4891 27.9520 27.9664 27.6915 27.3114 26.7691 26.2947 25.8547 25.3125 24.6924 24.2024 23.7022
14.2490 14.8400 15.1532 15.6179 16.4639 17.5745 18.8682 20.4058 21.7915 22.7709 23.3633 23.7278 24.0606 24.4712 24.8219 25.4358 26.2779 27.4114 28.9870 31.1004 31.8018 29.2185 25.8048 22.4454 19.6145 17.1897 15.2683 13.7813 12.7909 12.1982 11.8267 11.6781 11.6078 11.7077 11.9069 12.1516 12.5769 13.2657 14.2157 15.2336 16.2376 17.2989 18.4695 19.7050 20.9173 21.9636 22.6458 23.0967 23.4127 23.6215 23.8926 24.0558 24.2621 24.6582 25.2724 26.0282 26.6981 27.2199 26.8772 26.3014 25.7700 25.3034 24.8418 24.4287 24.0121 23.7149 23.4331 23.2477
6.4855 7.6215 8.7777 9.8561 11.1107 12.8127 14.9569 17.3600 19.9965 22.3776 24.0979 25.1492 25.6070 25.8043 25.9225 26.2458 26.9110 28.0667 29.6160 29.2095 26.4710 23.0523 19.9453 17.1174 14.7829 12.9237 11.6589 10.8877 10.3911 10.0526 9.8149 9.5918 9.5266 9.6189 9.7858 10.1468 10.6459 11.4315 12.1574 12.7965 13.5838 14.6044 15.8056 17.1759 18.6660 20.0444 20.8326 21.3271 21.6099 21.5567 21.5524 21.9756 22.8268 23.8623 24.7980 24.9698 24.7006 24.6776 23.5885 23.1128 22.8508 22.0015 21.2486 20.5197 19.9576 19.6160 19.4648 19.4346
5.0535 7.0237 9.1094 11.3526 13.3723 15.1984 17.1485 19.0660 20.7902 22.3257 23.8099 24.9335 25.4424 25.1232 24.6985 24.9699 25.7907 27.0319 25.7541 23.2787 19.8832 16.8436 14.0688 12.0939 10.7697 10.0543 9.5391 9.1143 8.8476 8.6782 8.4805 8.3580 8.2774 8.3090 8.5873 9.0858 9.7945 10.2095 10.5707 11.1362 11.9414 13.0315 14.3747 15.7654 17.0831 18.6211 19.0712 19.2250 19.0973 18.6923 18.5758 19.3231 20.5933 20.0441 19.2824 18.0507 16.4960 15.2938 14.6282 14.6156 15.1852 13.3810 12.7283 12.6238 12.7513 12.9794 13.2300 13.4903
8.7858 10.2286 11.3898 12.1898 12.8560 13.4750 13.8171 14.2125 14.6921 15.9588 17.3869 18.9522 20.5010 21.9125 22.9903 24.0722 23.8134 21.6238 18.4455 14.2896 11.4870 10.1156 8.7526 7.8721 7.4662 7.2055 6.9593 6.9073 6.9381 7.1691 7.2856 7.5052 7.8035 8.1049 8.6036 9.1200 9.4156 9.6417 9.9504 10.3977 11.1698 11.9389 12.6747 12.9177 12.7897 14.0876 13.6264 13.7935 14.1621 14.7950 14.5722 12.7964 9.8354 7.6814 5.3344 3.4314 1.9577 0.3340 0.0000 0.0000 0.0000 3.3647 4.3517 5.0159 5.6740 6.2654 6.7535 7.3022
2.1187 1.6604 1.5646 1.6955 2.0679 2.6472 3.5267 4.7534 6.4357 7.8378 9.6798 11.9722 14.6779 17.4449 19.2818 18.5031 16.4754 13.0864 10.1576 8.2109 6.3093 4.1332 3.0664 2.6162 2.5198 2.9289 3.7589 4.5636 5.3231 6.0006 7.0039 7.8843 8.6138 9.1628 9.3647 9.2965 9.1458 9.0147 8.8454 8.5161 7.7751 6.8209 5.5006 4.2091 2.9807 0.1467 0.0000 0.0000 0.0000 0.0000 0.0000 0.0000 0.0000 0.0000 0.0000 0.0000 0.0000 0.0000 0.0000 0.0000 0.0000 0.0000 1.2939 2.6027 3.3736 4.2357 4.9204 5.3961
0.0000 0.0000 0.0000 0.0000 0.0000 0.0000 0.0000 0.0000 0.0000 0.0000 0.0000 0.0000 0.0000 0.0000 0.0000 0.0000 0.0000 0.0000 0.0000 0.0000 0.0000 0.0000 0.0000 0.0000 0.0000 0.0000 0.0000 0.0000 0.0000 0.0000 0.0000 0.0000 0.0000 0.0000 0.0000 0.0000 0.0000 0.0000 0.0000 0.0000 0.0000 0.0000 0.0000 0.0000 0.0000 0.0000 0.0000 0.0000 0.0000 0.0000 0.0000 0.0000 0.0000 0.0000 0.0000 0.0000 0.0000 0.0000 0.0000 0.0000 0.0000 0.0000 0.0000 0.0000 0.0000 0.0000 0.0000 0.0000
0.0000 0.0000 0.0000 0.0000 0.0000 0.0000 0.0000 0.0000 0.0000 0.0000 0.0000 0.0000 0.0000 0.0000 0.0000 0.0000 0.0000 0.0000 0.0000 0.0000 0.0000 0.0000 0.0000 0.0000 0.0000 0.0000 0.0000 0.0000 0.0000 0.0000 0.0000 0.0000 0.0000 0.0000 0.0000 0.0000 0.0000 0.0000 0.0000 0.0000 0.0000 0.0000 0.0000 0.0000 0.0000 0.0000 0.0000 0.0000 0.0000 0.0000 0.0000 0.0000 0.0000 0.0000 0.0000 0.0000 0.0000 0.0000 0.0000 0.0000 0.0000 0.0000 0.0000 0.0000 0.0000 0.0000 0.0000 0.0000
