tool_adapters/Deltares_HABITAT/example_maps/Tenryuu_river/standard_maps/suspended_sediment_egg_max.asc
ncols          735
nrows          17
xllcorner      -61262.8867
yllcorner      -118292.6406
cellsize       25
[rows 0 to 16 of 17, columns 272 to 339 of 735]
0.0000 0.0000 0.0000 0.0000 0.0000 0.0000 0.0000 0.0000 0.0000 0.0000 0.0000 0.0000 0.0000 0.0000 0.0000 0.0000 0.0000 0.0000 0.0000 0.0000 0.0000 0.0000 0.0000 0.0000 0.0000 0.0000 0.0000 0.0000 0.0000 0.0000 0.0000 0.0000 0.0000 0.0000 0.0000 0.0000 0.0000 0.0000 0.0000 0.0000 0.0000 0.0000 0.0000 0.0000 0.0000 0.0000 0.0000 0.0000 0.0000 0.0000 0.0000 0.0000 0.0000 0.0000 0.0000 0.0000 0.0000 0.0000 0.0000 0.0000 0.0000 0.0000 0.0000 0.0000 0.0000 0.0000 0.0000 0.0000
5.3174 5.0619 4.9667 4.9009 4.7585 4.6096 4.5815 4.4423 3.3333 2.6535 2.2134 1.9023 1.6251 0.5136 0.0000 0.0000 0.0000 0.0000 0.0000 0.0000 0.0335 0.0000 0.0000 0.0000 0.1548 0.0635 0.0565 0.0225 0.0187 0.0177 0.0227 0.0200 0.0136 0.0043 0.0000 0.0000 0.0000 0.0000 0.0000 0.0000 0.0000 0.0000 0.0000 0.0000 0.0000 0.0000 0.0000 0.0000 0.0000 0.0000 0.0000 0.0000 0.0000 0.0000 0.0000 0.0000 0.0000 0.0000 0.0000 0.0319 0.7194 1.3615 2.0069 2.6694 3.3399 4.1656 5.0855 5.8137
12.3560 11.5175 10.4746 9.5658 9.0846 8.7481 8.6383 8.6953 7.6474 6.8156 6.4059 6.2578 6.0952 5.5971 4.9830 4.6488 4.4152 4.2779 3.9306 3.6538 3.3836 3.1697 2.9821 2.7809 2.8678 2.8261 2.9238 2.8195 2.7484 2.6756 2.6378 2.6613 2.7565 2.8844 3.0222 3.2042 3.4157 3.6050 3.7829 3.9477 4.1071 4.2766 4.4428 4.6090 4.7978 5.1248 5.8412 6.0507 5.4752 4.8241 4.4681 4.3015 4.2859 4.4730 4.5906 4.2708 3.7809 3.5965 3.8221 4.2173 4.4012 4.8116 5.3630 6.1123 7.2663 9.0856 11.6424 15.1171
16.7563 16.7422 16.7782 16.5773 16.1674 15.6891 15.2936 14.7760 13.6061 12.3402 11.6528 11.0907 10.5757 9.9564 9.2871 8.7346 8.3911 8.0451 7.6188 7.2261 6.9148 6.6483 6.4265 6.2409 6.1087 6.0069 5.9325 5.8998 5.9304 5.9747 6.0129 6.0189 6.0802 6.1656 6.2542 6.2953 6.3032 6.2637 6.2301 6.2717 6.3982 6.5874 6.7726 6.9469 7.0595 6.9700 6.5373 6.3573 6.6966 6.8182 6.5527 6.2237 5.9065 5.6849 5.7163 6.5299 7.0216 7.0728 7.5839 8.3547 8.7938 9.0598 9.3400 9.6738 10.2315 10.6993 11.0720 11.3746
14.2803 14.0888 13.8239 13.7957 13.9342 14.1192 14.1920 14.2151 14.2494 14.8068 15.6906 16.2327 16.4520 16.3032 15.8086 15.0632 14.1462 13.1789 12.2708 11.4761 10.8427 10.3918 10.0054 9.6499 9.3619 9.1385 8.9767 8.8946 8.9380 9.2168 9.8454 10.5541 10.8322 11.0125 11.1454 11.2643 11.3408 11.4541 11.4929 11.3652 11.0313 10.4948 9.9581 9.4225 8.9185 8.4844 8.0674 7.7533 7.5813 7.5257 7.5405 7.5283 7.5214 7.5355 7.6442 7.6713 8.9167 10.1634 10.4649 10.0681 9.5966 9.0807 8.6176 8.3764 8.3312 8.5812 9.1322 10.0701
13.3103 12.8922 12.5547 12.1059 11.7421 11.4723 11.2148 11.2282 11.4340 11.8006 12.4015 13.2165 13.9349 14.5545 15.1037 15.6217 15.9512 15.9535 15.7448 15.6061 15.3921 15.2062 15.0790 15.0232 15.0872 15.1993 15.3457 15.5225 15.7032 15.6417 15.0591 14.6464 14.6955 14.8563 15.0881 15.3983 15.8029 16.2704 16.7275 16.9890 16.9918 16.7185 16.0014 14.9524 13.6746 12.3453 11.1204 10.2417 9.7258 9.4024 9.1966 9.0865 9.0684 9.2097 9.3843 9.5254 9.6515 10.1447 10.1227 10.1678 10.0961 10.0353 10.1132 10.2497 10.4125 10.8139 11.3670 12.6002
13.6247 12.8932 12.1279 11.4829 10.9990 10.4288 9.9455 9.5236 9.1714 8.9717 8.9888 9.1678 9.5202 10.0039 10.5495 10.9360 11.1742 11.4522 12.0021 12.7426 13.4558 14.0985 14.7332 15.5256 16.3786 17.2414 18.0912 18.8989 19.7100 20.5564 21.5484 22.2610 22.8625 23.3220 23.6633 23.8585 23.8646 23.5990 23.1334 22.6453 22.2649 21.9177 21.5703 21.2898 21.0865 20.8405 20.4592 19.8184 19.2020 18.7382 18.4623 18.3001 18.0664 17.6731 17.2342 16.7433 16.0413 14.9843 14.3495 13.9057 13.5736 13.2879 13.1745 13.2919 13.7541 14.2658 14.8468 15.9922
15.1615 14.2765 13.4132 12.6634 11.9656 11.3435 10.3092 9.3943 8.8011 8.3499 8.1898 8.1407 8.1178 8.2824 8.7592 9.2265 9.9571 10.6863 11.4114 12.0433 12.6699 13.2799 13.9013 14.4208 14.9503 15.5174 16.2086 17.0511 18.1041 19.4924 21.1955 22.6948 24.1137 25.4887 26.6254 27.4401 27.9454 28.1844 28.2861 28.3237 28.1636 27.9288 27.5925 27.1311 26.6481 26.2560 26.0448 26.1550 26.0160 25.5698 24.8683 24.0360 23.2316 22.5265 21.8245 21.0981 20.2789 19.4274 18.7659 18.2963 17.9871 17.8359 17.7905 17.9224 18.2379 18.8807 20.0024 21.6518
18.4487 16.9256 15.6567 14.4578 13.6381 12.7385 12.1523 11.4513 10.9354 10.6315 10.5489 10.6339 10.7957 10.9494 11.0818 11.2191 11.3784 11.4846 11.5975 11.9570 12.4301 13.0009 13.6754 14.4711 15.4211 16.5118 17.7806 19.2079 20.6983 22.0908 23.3497 24.7227 26.1963 27.5906 29.0040 30.3016 31.4895 32.6809 33.7828 34.7101 35.4727 36.0844 36.5462 36.6113 36.5330 36.3853 35.7594 34.7060 33.7050 32.7961 31.9885 31.1873 30.3698 29.5121 28.6708 27.8635 27.0930 26.3915 25.7951 25.3129 24.9564 24.7174 24.6142 24.6347 24.8623 25.4421 26.5816 28.5138
22.9989 22.1425 20.8347 19.3303 17.6336 16.4081 15.5451 15.0763 14.7860 14.6159 14.5024 14.5063 14.5749 14.6158 14.6333 14.6844 14.9552 15.3322 15.7848 16.2575 16.7484 17.2914 17.9801 18.8694 19.9620 21.2681 22.6409 23.8949 24.9291 25.8052 26.6278 27.4797 28.4142 29.6349 31.1974 33.1779 35.3785 37.4699 39.4204 41.2239 42.7780 43.9568 44.9162 45.4383 44.6987 43.3768 42.1666 40.8782 39.6345 38.4891 37.4225 36.4160 35.4476 34.5145 33.6200 32.7682 31.9813 31.2989 30.7304 30.2712 29.8989 29.6060 29.4156 29.4145 29.7206 30.4912 31.8403 33.9265
23.2209 23.2608 23.2853 23.0417 22.1200 20.9185 19.8886 19.2437 18.8291 18.4405 18.0564 17.6471 17.2806 17.0847 17.1155 17.2696 17.5631 17.9340 18.3066 18.7099 19.2418 19.9937 21.0170 22.2277 23.4091 24.3284 24.9863 25.3878 25.6045 25.8380 26.1989 26.7686 27.6346 28.8136 30.3716 32.2758 34.5247 37.1190 39.8124 42.4957 45.1102 47.3196 48.7985 49.6074 49.7768 48.9809 47.6505 46.2322 44.7747 43.3392 42.0184 40.8084 39.6673 38.5958 37.5901 36.6610 35.8162 35.0722 34.4515 33.9418 33.5365 33.2495 33.1337 33.2852 33.8141 34.7019 35.8912 37.4815
19.5228 19.6892 20.0091 20.4543 21.2410 21.7797 21.1408 20.2306 19.3934 18.6166 17.8948 17.2813 16.8734 16.6156 16.6369 16.8316 17.1780 17.5936 18.1279 18.7878 19.5510 20.4138 21.2730 21.9690 22.5394 23.3813 24.2066 24.9964 25.5501 25.7511 25.9478 26.3572 27.0376 28.1241 29.7381 31.6578 33.8287 36.3636 39.3359 42.4433 45.2848 47.7297 49.6990 51.1684 52.0546 51.8144 51.0149 49.9124 48.5985 47.1696 45.7254 44.3476 43.0592 41.8371 40.6983 39.6641 38.7607 37.9996 37.3831 36.9348 36.6608 36.5712 36.5498 36.8187 37.1889 37.6186 37.4596 35.9981
13.7726 14.0833 14.4325 14.8633 15.4388 16.1888 17.0536 17.3735 17.3206 16.9040 16.2987 15.6655 15.2648 15.1751 15.2622 15.4961 15.6531 15.7695 15.9516 16.2343 16.8385 17.3265 18.1867 19.2955 20.4537 22.1152 23.5869 23.9705 24.1578 23.9854 24.1897 24.7440 25.5171 26.6534 28.7372 31.4882 34.6330 37.8321 40.2886 42.2125 44.2520 46.0785 47.8775 49.7664 51.1942 51.8764 52.1019 51.6520 50.7373 49.5420 48.2346 46.8484 45.4687 44.1843 43.0092 41.9583 41.0619 40.3389 39.8438 39.6592 39.7228 39.8379 39.5915 38.8718 38.1836 36.2991 33.3568 29.6390
7.9107 8.4239 8.9253 9.3920 9.9841 10.6077 11.2040 12.0057 12.6580 13.3579 14.1094 14.3878 13.9833 13.6740 13.6134 12.9046 11.5687 10.4369 9.2874 7.8766 6.5798 5.9321 5.6887 4.9284 4.4546 3.8608 4.2441 6.4687 9.5098 13.2819 15.9857 17.9361 19.6100 21.2409 22.6623 23.4118 24.7499 26.8125 29.1314 32.0079 35.1595 38.2299 41.2197 43.9745 46.5674 49.8855 51.0323 51.5169 51.0194 50.2588 49.4317 48.3337 47.0616 45.9287 44.8630 43.8799 43.0265 42.3345 41.9766 42.1007 42.3474 40.8669 38.5660 36.2864 34.2042 30.6811 26.4289 22.7876
5.6878 6.1190 6.0452 6.2496 6.8850 7.1831 7.4319 7.9721 7.7143 7.6545 7.5417 7.5336 7.1864 6.3815 6.2631 5.6826 4.6920 3.3718 2.4411 1.7636 1.3385 0.7635 0.1305 0.0000 0.0000 0.0000 0.0000 0.0000 0.0000 0.0000 0.0000 0.0000 0.0000 0.0000 0.0332 0.8097 2.1201 4.0057 7.2759 10.6351 14.2991 19.0917 24.2629 28.9503 33.5313 38.7189 43.4489 47.1824 48.4974 49.1050 49.3583 48.9315 48.0822 47.1585 46.1418 44.9972 43.7315 42.2774 40.3881 37.7893 35.3396 35.9953 36.8090 35.0205 30.1882 25.4275 20.7408 17.6176
0.0000 0.0000 0.0795 0.0000 0.0000 0.0000 0.0000 0.0000 0.0838 0.2361 1.1218 1.9372 2.6056 2.4049 1.0791 0.0000 0.0000 0.0000 0.0000 0.0000 0.0000 0.0000 0.0000 0.0000 0.0000 0.0000 0.0000 0.0000 0.0000 0.0000 0.0000 0.0000 0.0000 0.0000 0.0000 0.0000 0.0000 0.0000 0.5549 3.5057 7.1991 11.9558 17.6533 22.6195 27.1987 31.9225 36.0582 40.3973 43.6798 46.1926 47.8658 48.5083 48.3139 47.6256 46.3878 44.6976 42.6406 40.2517 37.5674 34.6637 31.0189 25.3985 19.8027 16.3688 15.4407 15.7284 16.5636 14.8790
0.0000 0.0000 0.0000 0.0000 0.0000 0.0000 0.0000 0.0000 0.0000 0.0000 0.0000 0.0000 0.0000 0.0000 0.0000 0.0000 0.0000 0.0000 0.0000 0.0000 0.0000 0.0000 0.0000 0.0000 0.0000 0.0000 0.0000 0.0000 0.0000 0.0000 0.0000 0.0000 0.0000 0.0000 0.0000 0.0000 0.0000 0.0000 0.0000 0.0000 0.0000 0.0000 0.0000 0.0000 0.0000 0.0000 0.0000 0.0000 0.0000 0.0000 0.0000 0.0000 0.0000 0.0000 0.0000 0.0000 0.0000 0.0000 0.0000 0.0000 0.0000 0.0000 0.0000 0.0000 0.0000 0.0000 0.0000 0.0000
