tool_adapters/Deltares_HABITAT/example_maps/Tenryuu_river/standard_maps/suspended_sediment_descending_max.asc
ncols          735
nrows          17
xllcorner      -61262.8867
yllcorner      -118292.6406
cellsize       25
[rows 0 to 16 of 17, columns 136 to 203 of 735]
0.0000 0.0000 0.0000 0.0000 0.0000 0.0000 0.0000 0.0000 0.0000 0.0000 0.0000 0.0000 0.0000 0.0000 0.0000 0.0000 0.0000 0.0000 0.0000 0.0000 0.0000 0.0000 0.0000 0.0000 0.0000 0.0000 0.0000 0.0000 0.0000 0.0000 0.0000 0.0000 0.0000 0.0000 0.0000 0.0000 0.0000 0.0000 0.0000 0.0000 0.0000 0.0000 0.0000 0.0000 0.0000 0.0000 0.0000 0.0000 0.0000 0.0000 0.0000 0.0000 0.0000 0.0000 0.0000 0.0000 0.0000 0.0000 0.0000 0.0000 0.0000 0.0000 0.0000 0.0000 0.0000 0.0000 0.0000 0.0000
0.0000 0.0000 0.0000 0.0000 0.0000 0.0000 0.0000 0.0000 0.0000 0.0000 0.0000 0.0000 0.0000 0.0079 0.0111 0.0138 0.0156 0.0117 0.0151 0.0197 0.0247 0.0000 0.0727 0.1486 0.2003 0.5626 1.1245 2.2194 3.4034 3.6524 4.4734 8.6349 5.3907 4.1112 4.0013 6.2237 4.6001 0.0000 0.0180 0.0000 0.0067 0.0000 0.0000 2.6524 9.3520 12.1050 14.2735 16.9463 19.0155 19.3986 15.8555 15.0627 16.6046 19.5480 18.0703 18.2552 19.4424 19.9723 19.2143 18.8762 18.3674 16.7896 15.2036 13.8402 12.8484 12.2018 11.9204 12.1577
0.0000 0.0000 0.0000 0.0000 0.0000 0.0000 0.0000 0.0008 0.0082 0.0177 0.0276 0.0404 0.0524 0.0625 0.0759 0.0887 0.1098 0.1228 0.1393 0.1544 0.1949 0.2154 0.1999 0.1653 0.1863 0.5596 0.9018 1.8521 3.0790 5.7479 8.9185 9.8953 15.9921 19.2796 22.0715 24.4790 34.7029 41.1672 44.8807 46.4799 45.4234 42.3099 37.9788 33.5019 28.7079 27.5352 28.3382 29.1791 29.5279 29.5487 31.3890 29.3363 26.5418 23.0500 23.1403 22.3355 21.0659 20.1886 19.8155 18.0420 16.0668 14.7891 13.8030 12.9105 12.0294 11.2061 10.5308 9.9667
0.0000 0.0000 0.0000 0.0000 0.0042 0.0083 0.0123 0.0164 0.0177 0.0172 0.0160 0.0147 0.0146 0.0150 0.0166 0.0208 0.0277 0.0346 0.0386 0.0433 0.0494 0.0526 0.0482 0.0688 0.1851 0.7068 1.1169 2.1620 2.8502 3.7628 6.0328 9.3942 12.5999 16.8602 20.8964 24.8807 30.3398 35.4081 40.9416 44.4545 45.7577 45.2674 44.4427 42.7680 40.2198 38.2346 36.8283 35.3123 33.8361 32.5888 31.7346 30.7000 28.5584 26.2951 24.9190 23.7126 22.3443 20.9985 19.6665 18.4979 17.0403 15.5598 14.3165 13.3089 12.4995 11.7881 11.2177 10.6597
0.0000 0.0000 0.0000 0.0000 0.0000 0.0000 0.0000 0.0000 0.0000 0.0000 0.0000 0.0000 0.0000 0.0000 0.0000 0.0000 0.0000 0.0000 0.0000 0.0000 0.0000 0.0000 0.0000 0.0000 0.1519 1.0575 2.4739 3.5654 4.7240 7.2057 10.5709 14.1072 17.9800 21.5950 25.5950 29.0501 31.6826 34.0657 36.1317 37.5470 38.2466 39.0314 39.9740 40.3742 39.5385 38.2398 36.8668 35.5802 34.4977 33.5381 32.6803 31.5176 30.3007 28.8749 27.5780 26.3952 25.2601 24.0853 22.9334 21.6406 20.2685 18.8497 17.4726 16.2645 15.0697 14.0339 13.0759 12.3581
0.0000 0.0000 0.0000 0.0000 0.0000 0.0000 0.0000 0.0000 0.0000 0.0000 0.0000 0.0000 0.0000 0.0000 0.0000 0.0000 0.0000 0.0000 0.0000 0.0000 0.0000 0.0630 0.9772 2.4070 3.7202 5.1758 6.2426 8.2440 11.6088 15.5287 20.6321 25.9439 30.1768 32.2619 32.3703 32.2002 33.0776 32.7276 31.6755 30.5974 29.7864 29.3600 29.2635 29.4975 30.0976 30.6322 31.0350 31.3356 31.2959 30.9792 30.5341 30.0460 29.3565 28.6084 27.8741 27.1436 26.3189 25.4660 24.5322 23.5802 22.5401 21.4488 20.4772 19.6479 18.8762 17.9613 17.0857 16.1585
0.0000 0.0000 0.0000 0.0000 0.0000 0.0000 0.0000 0.0000 0.0000 0.0000 0.0000 0.0000 0.0000 0.0000 0.0000 0.0000 0.0000 0.0103 1.1522 2.5565 3.6845 5.0999 6.5838 7.7369 9.7902 11.7174 14.6272 18.5765 23.9083 29.6608 35.6445 39.0394 38.0736 34.8969 31.6696 29.0933 27.3801 25.9754 24.1483 22.5584 21.5269 20.8888 20.6174 20.6460 20.8551 21.2309 21.7114 22.2146 22.8531 23.5103 24.0634 24.4611 24.7213 24.7938 24.6743 24.4056 24.0902 23.7099 23.2718 22.7725 22.2279 21.6348 21.1487 20.5882 19.8736 19.3317 18.7465 18.1865
0.0000 0.0000 0.0000 0.0000 0.0000 0.0000 0.0000 0.0000 0.0000 0.0000 0.0000 0.0000 0.0000 0.6907 1.7153 2.8102 4.0627 5.4218 6.8677 8.1666 10.3876 12.6137 14.7971 17.5291 20.6606 25.0146 30.5546 37.1183 42.8674 46.1202 42.7532 36.4997 30.8171 27.2063 24.0339 21.8371 19.9459 17.5845 16.1581 15.2538 14.6240 14.2964 14.2289 14.2587 14.3998 14.5640 14.7723 15.0221 15.3494 15.7961 16.3341 16.8815 17.3794 17.7778 18.1116 18.4215 18.7467 19.0072 19.1998 19.2562 19.2191 19.0662 18.8191 18.5157 18.2281 17.8479 17.6036 17.4269
0.0000 0.0000 0.0000 0.0000 0.0000 0.0000 0.2210 1.0105 1.6592 2.6301 3.4903 4.6472 5.7750 7.5083 9.1987 11.4450 13.9978 16.5267 19.0120 21.7252 24.3438 27.2071 30.5670 34.6803 39.5347 45.3166 50.2546 50.4180 45.4453 38.3652 31.5278 25.9513 22.0825 18.6132 16.5194 14.8565 12.4179 10.8792 10.0190 9.5915 9.4987 9.5179 9.4320 9.3063 9.2023 9.1399 9.1353 9.1744 9.2127 9.3170 9.5344 9.8732 10.3009 10.8095 11.3273 11.8565 12.3000 12.7562 13.2197 13.6524 14.1096 14.4887 14.7232 14.8001 14.9210 14.8575 14.6844 14.5882
1.8310 2.6631 3.6906 4.5035 5.1846 5.6634 6.4052 8.0183 10.4132 12.9066 15.7316 18.5765 21.6985 24.5180 27.2956 29.7398 31.9114 34.1417 36.2867 38.3304 40.4377 43.0349 46.4142 50.7162 53.1446 50.8971 44.6913 37.3855 30.8169 24.5302 20.3539 17.4614 14.1187 11.9149 10.6028 8.5448 7.0933 6.3008 5.8953 5.8674 5.6490 5.3121 5.0366 4.8508 4.7170 4.6419 4.5913 4.5689 4.6168 4.6718 4.7424 4.8730 5.0746 5.3445 5.7236 6.2090 6.7306 7.2346 7.7549 8.2563 8.6754 9.1135 9.5412 10.0662 10.4066 10.8631 11.2249 11.3723
10.8123 11.8046 12.8353 14.6464 17.7542 22.3216 27.2347 31.5359 35.1291 38.2289 40.7039 42.6721 44.2032 45.2424 45.6428 45.4816 45.1092 44.8396 44.7224 44.9434 45.7491 47.4378 49.1185 46.5084 41.1795 34.5728 27.9722 22.5213 17.9638 15.9615 12.9753 9.8541 8.7688 7.6498 5.6420 4.5584 3.9351 3.5580 3.3227 2.7827 2.3394 2.0568 1.8715 1.7535 1.6842 1.6492 1.6380 1.6633 1.6896 1.7482 1.8129 1.8696 1.9445 2.0378 2.1586 2.3092 2.5040 2.7786 3.1002 3.4713 3.8859 4.2489 4.6389 5.0038 5.4549 5.8848 6.4387 7.0717
24.5838 28.0656 33.3386 40.0914 47.4713 54.0350 58.2896 59.8284 58.6532 56.2762 53.6513 51.0772 48.7096 46.5131 44.4202 42.6811 41.2079 40.1194 39.5102 39.4281 39.5988 39.6761 36.5045 30.0273 23.7309 18.3264 14.2046 11.9542 10.4653 7.6516 6.7935 6.2862 4.8329 3.4391 2.8563 2.3120 1.8703 1.3777 0.9106 0.6586 0.5456 0.4871 0.4566 0.4333 0.4224 0.4226 0.4347 0.4477 0.4646 0.4732 0.4852 0.4934 0.4983 0.5049 0.5107 0.5166 0.5548 0.6351 0.7518 0.9132 1.1260 1.4345 1.7511 1.9783 2.2381 2.4722 2.6894 3.0587
46.1738 55.2238 64.5997 70.9928 72.1986 67.9933 61.5592 54.7474 49.6017 45.5664 42.4179 39.9020 37.8822 36.0593 34.5074 33.0810 31.7113 30.7326 30.4340 30.7187 29.0439 25.7818 20.3127 14.5034 10.3554 7.8163 6.5190 5.0855 3.9015 3.2002 3.0050 2.5849 2.2174 1.6825 1.0469 0.6051 0.3203 0.1752 0.0911 0.0317 0.0153 0.0122 0.0115 0.0122 0.0127 0.0131 0.0126 0.0112 0.0083 0.0056 0.0034 0.0032 0.0036 0.0076 0.0187 0.0410 0.0843 0.1264 0.2095 0.3274 0.4904 0.6843 0.9562 1.2255 1.4535 1.7724 1.9523 2.3358
71.9098 70.9787 65.2248 57.0430 48.2861 41.4364 36.2738 32.7285 30.9109 30.1020 30.0549 30.1074 30.4404 29.3351 27.1201 25.8773 24.5909 23.5421 23.0296 20.6898 17.0668 10.2674 4.9682 3.8364 3.0335 2.5394 2.2375 1.9254 1.7535 1.6637 0.8939 0.3615 0.0538 0.0000 0.0000 0.0000 0.0000 0.0000 0.0000 0.0000 0.0000 0.0000 0.0000 0.0000 0.0000 0.0000 0.0000 0.0000 0.0000 0.0000 0.0000 0.0000 0.0000 0.0000 0.0000 0.0223 0.0556 0.0910 0.1518 0.2513 0.3932 0.5701 0.8424 1.3487 2.1195 2.4693 3.5474 5.0451
39.7461 31.5044 25.1792 19.6991 15.9074 13.4940 11.8497 11.1564 11.4903 13.6324 16.7826 20.8018 25.5929 24.9194 22.5299 20.5919 17.8165 16.1603 14.7553 8.2696 4.3919 3.3423 2.1364 0.7465 0.1198 0.0484 0.0276 0.0000 0.0000 0.0000 0.0000 0.0000 0.0000 0.0000 0.0000 0.0000 0.0000 0.0000 0.0000 0.0000 0.0000 0.0000 0.0000 0.0000 0.0000 0.0000 0.0000 0.0000 0.0000 0.0000 0.0000 0.0000 0.0000 0.0061 0.0204 0.0349 0.0660 0.1049 0.1626 0.2335 0.3132 0.3974 0.5637 0.8580 1.3750 1.9971 2.2388 2.6561
5.6522 4.7146 4.1821 3.7084 2.7636 2.0751 1.4273 0.5397 0.0000 0.0000 0.0000 0.0000 0.0000 7.9236 12.5290 14.8586 14.3966 10.8012 4.7453 2.8509 1.3025 0.0490 0.0197 0.0063 0.0000 0.0000 0.0000 0.0000 0.0000 0.0000 0.0000 0.0000 0.0000 0.0000 0.0000 0.0000 0.0000 0.0000 0.0000 0.0000 0.0000 0.0000 0.0000 0.0000 0.0000 0.0000 0.0000 0.0000 0.0000 0.0000 0.0000 0.0000 0.0091 0.0175 0.0202 0.0179 0.0211 0.0336 0.0570 0.1051 0.1793 0.2455 0.2171 0.1025 0.0000 0.0000 0.0000 0.0000
0.0000 0.0000 0.0000 0.0000 0.0000 0.0000 0.0000 0.0000 0.0000 0.0000 0.0000 0.0000 0.0000 0.0000 0.0000 0.0000 0.0000 0.0000 0.0000 0.0000 0.0000 0.0000 0.0000 0.0000 0.0000 0.0000 0.0000 0.0000 0.0000 0.0000 0.0000 0.0000 0.0000 0.0000 0.0000 0.0000 0.0000 0.0000 0.0000 0.0000 0.0000 0.0000 0.0000 0.0000 0.0000 0.0000 0.0000 0.0000 0.0000 0.0000 0.0000 0.0000 0.0000 0.0000 0.0000 0.0000 0.0000 0.0000 0.0000 0.0000 0.0000 0.0000 0.0000 0.0000 0.0000 0.0000 0.0000 0.0000
