tool_adapters/Deltares_HABITAT/example_maps/Tenryuu_river/standard_maps/suspended_sediment_feeding_max.asc
ncols          735
nrows          17
xllcorner      -61262.8867
yllcorner      -118292.6406
cellsize       25
[rows 0 to 16 of 17, columns 60 to 119 of 735]
0.0000 0.0000 0.0000 0.0000 0.0000 0.0000 0.0000 0.0000 0.0000 0.0000 0.0000 0.0000 0.0000 0.0000 0.0000 0.0000 0.0000 0.0000 0.0000 0.0000 0.0000 0.0000 0.0000 0.0000 0.0000 0.0000 0.0000 0.0000 0.0000 0.0000 0.0000 0.0000 0.0000 0.0000 0.0000 0.0000 0.0000 0.0000 0.0000 0.0000 0.0000 0.0000 0.0000 0.0000 0.0000 0.0000 0.0000 0.0000 0.0000 0.0000 0.0000 0.0000 0.0000 0.0000 0.0000 0.0000 0.0000 0.0000 0.0000 0.0000
1136.1499 1234.4091 1437.0577 1420.9142 1407.5636 1426.5965 1481.7184 1548.0234 1597.4308 1627.0888 1666.6912 1715.7223 1766.5504 1829.2775 1896.7251 1957.0731 2005.4085 2045.1280 2078.9242 2116.0543 2164.6774 2229.9956 2317.9170 2431.5309 2561.7575 2687.8636 2770.1388 2756.4237 2629.7395 2434.6935 2228.7593 2026.0071 1821.2132 1623.3030 1422.0458 1198.2843 905.5075 653.2411 426.3973 222.7441 74.7844 14.7544 0.0174 0.0000 0.0000 0.0000 0.0000 0.0000 0.0000 0.0000 0.0000 0.0000 0.0000 0.0000 0.0000 0.0000 0.0000 0.0000 0.0000 0.0000
2016.2507 2007.9742 1873.3411 1823.7446 1790.7242 1784.3337 1799.9317 1831.0869 1874.4755 1919.2999 1939.8421 1957.4553 1991.3365 2036.8700 2086.8861 2134.7191 2176.2943 2212.5298 2253.8522 2305.6029 2368.9532 2443.9924 2531.0252 2629.6584 2741.7872 2865.4571 3000.3135 3150.6210 3299.3330 3383.4110 3361.2326 3275.7110 3179.3856 3069.0118 2919.2527 2689.9174 2341.6384 2019.1118 1649.0965 1260.3198 808.5690 408.1272 159.2667 137.2357 110.0359 48.7698 0.0000 0.0000 0.0000 0.0000 0.0000 0.0000 0.0000 0.0000 0.0000 0.0000 0.0000 0.0000 0.0000 0.0000
2096.5378 2148.4349 2097.0773 2070.0527 2058.8680 2059.2664 2073.9897 2099.3633 2132.8575 2169.3015 2205.8762 2241.7774 2283.0734 2332.5990 2388.0913 2447.8035 2510.6879 2578.8583 2647.1130 2716.7748 2786.8496 2856.0369 2924.1918 2997.3305 3077.4808 3165.1190 3263.3635 3377.5255 3509.5840 3659.3720 3836.4436 4027.8344 4232.2992 4426.4249 4583.0075 4604.7467 4390.6142 4137.7003 3884.6244 3564.2670 3105.8050 2458.4773 1701.3164 1025.1794 596.3116 406.8431 327.2619 263.5380 171.0927 84.5227 53.7527 17.6824 0.0000 0.0000 0.0000 0.0000 0.0000 0.0000 0.0000 21.9683
2219.1819 2289.9044 2322.9612 2330.6531 2335.8720 2345.4567 2364.1655 2392.2340 2428.9430 2472.9028 2522.6753 2579.9199 2644.5216 2714.7361 2789.3097 2864.8240 2937.5343 3006.6562 3066.1732 3116.3411 3157.3733 3191.6113 3221.9751 3250.6544 3280.2965 3316.2830 3362.6917 3423.4134 3500.9785 3599.0714 3722.8556 3877.0151 4069.3041 4309.3170 4616.3373 4974.3643 5194.2853 5251.7934 5248.4008 5216.6855 5120.2720 4839.9573 4281.1692 3480.7337 2548.7461 1880.5107 1443.2538 1156.5113 925.0061 713.4599 547.8984 424.0185 348.0500 293.6063 251.6584 218.8962 194.2739 180.1782 181.8103 190.8432
2408.0057 2474.0082 2525.4062 2564.0025 2594.5115 2624.4521 2658.5040 2700.0621 2751.0163 2810.9947 2878.2146 2951.1044 3026.6091 3099.9633 3168.3583 3227.9690 3275.5284 3307.0232 3318.5426 3320.5671 3311.1508 3298.7764 3286.6242 3276.5653 3269.9339 3270.3026 3279.4591 3297.4474 3329.0563 3377.3188 3445.5047 3537.6861 3659.4283 3819.1374 4028.4340 4298.8410 4639.2169 4968.0660 5223.1585 5410.6404 5552.3456 5646.5102 5606.2378 5301.2957 4586.0189 3737.3734 2979.9896 2364.7994 1883.4081 1497.3296 1186.3789 921.6497 729.1991 596.4140 505.6134 443.6407 402.6164 371.7038 348.8932 331.7583
2602.1283 2667.9483 2725.4804 2776.9049 2824.8087 2872.5478 2923.2114 2979.4382 3043.3197 3111.2420 3178.7667 3242.0331 3297.9917 3338.8184 3363.4857 3372.4189 3364.9097 3344.5046 3311.3958 3265.9801 3220.2611 3172.0092 3124.6811 3080.7888 3043.5049 3015.0675 2996.9450 2991.3804 2997.5768 3017.1826 3052.0442 3104.2972 3176.4296 3271.7994 3394.7322 3550.8239 3748.7317 3973.4205 4245.2661 4546.8866 4851.4925 5148.3688 5444.6735 5646.5014 5547.3809 5089.6207 4442.8912 3732.7124 3046.2214 2448.3375 1957.8619 1548.7045 1222.3297 970.5619 785.5656 654.5413 562.9666 506.8425 468.7383 441.1053
2764.0361 2829.0140 2891.3716 2950.4570 3007.9168 3065.9250 3124.4318 3182.6816 3241.2153 3289.7447 3321.9049 3336.2180 3339.9382 3339.0546 3328.3871 3300.8357 3254.5159 3189.2317 3111.0148 3027.2181 2941.2120 2860.2260 2783.7616 2715.8922 2661.3033 2618.4839 2588.4811 2571.1532 2565.5357 2572.9604 2593.7775 2629.4441 2681.0160 2748.9758 2833.7186 2934.7197 3050.6748 3221.4769 3414.8538 3634.3962 3883.1328 4169.8796 4506.7187 4879.7572 5179.3862 5232.4243 5044.4181 4674.6157 4137.7152 3480.9627 2837.8246 2287.7049 1832.6212 1464.3248 1174.0330 950.8881 789.0979 671.3085 592.7800 545.5372
2871.4576 2936.6743 3001.5923 3063.1651 3121.3203 3176.4678 3224.3075 3258.0986 3266.8288 3256.2328 3236.7839 3220.2050 3203.5506 3176.0867 3128.5155 3054.1345 2950.4182 2823.7655 2690.6936 2565.8629 2459.5926 2353.8669 2262.3369 2196.7509 2138.3214 2098.5141 2071.5115 2056.9041 2052.1798 2057.7146 2075.1517 2106.5148 2148.6905 2206.5211 2283.2664 2380.9463 2499.9619 2622.1899 2774.9842 2940.9560 3131.7293 3369.3658 3662.4748 4013.9225 4399.0540 4668.8349 4719.2531 4604.3990 4400.9891 4082.1257 3614.4175 3080.8238 2551.7724 2082.9198 1691.8021 1380.3919 1123.9959 934.3796 813.5417 737.8390
2911.9942 2979.9814 3043.8180 3099.2568 3143.2711 3170.7893 3168.8436 3138.7319 3096.4442 3055.3540 3020.3469 2983.8327 2929.7225 2850.9069 2755.4150 2573.2221 2391.6712 2185.2099 1991.3617 1809.1134 1632.7620 1540.7773 1440.2837 1359.0723 1308.1469 1274.0288 1256.4316 1244.6113 1239.3414 1248.3668 1264.9514 1294.5473 1350.4865 1431.2167 1537.3083 1663.4281 1812.3410 1983.8398 2168.5054 2387.3334 2598.7304 2797.7814 3040.2829 3353.2584 3730.3343 4123.3985 4392.7427 4487.1488 4419.3769 4234.1061 3946.1560 3576.7613 3143.8571 2681.4178 2249.6057 1883.3211 1607.6393 1378.8799 1188.6506 1073.5016
2882.7336 2948.1354 3001.7101 3037.9195 3039.6050 2998.9179 2939.6293 2864.3559 2794.3549 2734.0157 2671.7104 2576.5795 2454.8589 2211.7340 1909.7066 1663.5208 1402.1331 1139.1650 909.1798 758.7975 636.4646 508.2140 436.3486 396.2561 379.6999 380.2808 395.7891 433.3800 493.3745 559.6276 627.1626 674.0606 694.7567 719.8411 762.1266 838.5474 949.0528 1092.8431 1272.0820 1494.7423 1777.2588 2094.1529 2399.6194 2706.7580 3067.8360 3493.0192 3910.5769 4200.0116 4341.2561 4315.9767 4200.7215 3989.3832 3691.3385 3302.5048 2872.1100 2467.2378 2141.4813 1907.8342 1732.6754 1583.1412
2767.3636 2814.7817 2849.7295 2828.8983 2753.0221 2663.8435 2569.3297 2472.3639 2370.7181 2316.8202 2128.9156 1895.8304 1582.6614 1287.5381 979.4097 691.5347 447.4435 281.5958 172.6579 78.7852 31.6451 4.1794 0.0000 0.0000 0.0000 0.0000 0.0000 0.0000 0.0000 3.4045 23.0134 72.1053 141.8291 204.5951 263.5972 320.6106 383.6956 470.9405 599.2158 771.5150 979.9521 1234.0840 1547.4236 1918.8067 2347.4908 2835.9936 3356.5578 3807.3668 4182.3199 4404.5551 4482.4348 4423.6208 4219.0096 3882.8608 3467.0987 3056.9731 2730.8176 2502.4218 2359.4657 2279.5470
2515.7462 2540.2118 2548.4924 2425.5587 2295.0182 2171.0365 2074.4061 1880.6238 1695.3226 1445.4453 1284.5868 1042.7247 748.2923 468.1355 260.8584 119.8908 36.1795 0.0000 0.0000 0.0000 0.0000 0.0000 0.0000 0.0000 0.0000 0.0000 0.0000 0.0000 0.0000 0.0000 0.0000 3.0724 18.3406 32.2619 44.7046 60.5657 84.1996 117.8482 174.8209 255.2622 372.1847 530.8214 753.3374 1068.9964 1470.6711 1948.4279 2495.6985 3076.2964 3651.6500 4138.2701 4444.2101 4549.6764 4473.3903 4286.5081 4024.4079 3705.0238 3413.5446 3199.3417 3080.2275 3032.3018
2025.5677 1935.0713 1764.0306 1707.2103 1646.4582 1535.7271 1334.7284 1196.4468 1021.1512 820.9005 583.9166 377.7133 206.6224 101.8160 40.8002 9.9760 7.2340 0.0000 0.0000 0.0000 0.0000 0.0000 0.0000 0.0000 0.0000 0.0000 0.0000 0.0000 0.0000 0.0000 0.0000 0.0000 2.2951 7.1648 9.2912 10.0725 14.4847 22.1867 28.7506 48.9044 92.0301 162.6990 262.3537 405.0126 637.6013 964.7112 1408.9407 1966.5131 2597.7556 3189.7318 3725.6453 4040.5331 4323.5846 4368.4967 4439.7411 4502.0375 4414.0043 4318.4101 4332.7391 4380.7398
696.4459 694.4064 723.8724 713.1880 692.8200 671.2888 649.2098 577.1614 460.8492 318.4829 192.3592 97.3319 46.8772 23.5715 14.2728 7.3993 0.9417 0.6588 0.5338 0.0000 0.0000 0.0000 0.0000 0.0000 0.0000 0.0000 0.0000 0.0000 0.0000 0.0000 0.0000 0.3910 1.2302 4.0537 5.7307 7.1722 9.0867 3.7972 2.4843 1.7256 2.0446 2.1341 0.1487 0.0000 2.3016 38.1501 159.7592 412.1531 824.5272 1373.5477 2002.5342 2692.1010 3663.9820 4523.9639 5205.2164 5639.9410 5953.7156 6209.2661 6518.2706 6782.6432
0.8446 0.0000 0.0000 0.0000 0.0000 0.0000 6.0737 20.1848 36.7013 41.2492 19.0347 0.1583 0.0000 0.0000 0.0000 0.0000 0.1979 0.1383 0.2808 0.1380 0.0000 0.0000 0.0000 0.0000 0.0000 0.0000 0.0000 0.0000 0.0000 0.0000 0.0792 0.5338 0.2042 2.0783 3.9975 3.4110 0.0000 0.0000 0.0000 0.0000 0.0000 0.0000 0.0000 0.0000 0.0000 0.0000 0.0000 0.0000 0.0000 76.6327 465.7881 1188.8726 2207.8273 3044.6699 3995.9918 5008.9436 5726.6216 6486.8386 7191.6952 7659.7972
0.0000 0.0000 0.0000 0.0000 0.0000 0.0000 0.0000 0.0000 0.0000 0.0000 0.0000 0.0000 0.0000 0.0000 0.0000 0.0000 0.0000 0.0000 0.0000 0.0000 0.0000 0.0000 0.0000 0.0000 0.0000 0.0000 0.0000 0.0000 0.0000 0.0000 0.0000 0.0000 0.0000 0.0000 0.0000 0.0000 0.0000 0.0000 0.0000 0.0000 0.0000 0.0000 0.0000 0.0000 0.0000 0.0000 0.0000 0.0000 0.0000 0.0000 0.0000 0.0000 0.0000 0.0000 0.0000 0.0000 0.0000 0.0000 0.0000 0.0000
