tool_adapters/Deltares_HABITAT/example_maps/Tenryuu_river/standard_maps/suspended_sediment_descending_max.asc
ncols          735
nrows          17
xllcorner      -61262.8867
yllcorner      -118292.6406
cellsize       25
[rows 0 to 16 of 17, columns 408 to 475 of 735]
0.0000 0.0000 0.0000 0.0000 0.0000 0.0000 0.0000 0.0000 0.0000 0.0000 0.0000 0.0000 0.0000 0.0000 0.0000 0.0000 0.0000 0.0000 0.0000 0.0000 0.0000 0.0000 0.0000 0.0000 0.0000 0.0000 0.0000 0.0000 0.0000 0.0000 0.0000 0.0000 0.0000 0.0000 0.0000 0.0000 0.0000 0.0000 0.0000 0.0000 0.0000 0.0000 0.0000 0.0000 0.0000 0.0000 0.0000 0.0000 0.0000 0.0000 0.0000 0.0000 0.0000 0.0000 0.0000 0.0000 0.0000 0.0000 0.0000 0.0000 0.0000 0.0000 0.0000 0.0000 0.0000 0.0000 0.0000 0.0000
3.0971 2.9454 3.4739 3.7020 3.7482 3.8304 3.4302 3.0032 2.4541 1.8468 1.2304 1.2649 0.0000 0.0000 0.0000 0.0000 0.0000 0.0000 0.0152 0.0000 0.3040 0.3674 0.8569 1.3107 1.5187 1.9804 2.8173 3.2334 3.3296 3.4370 3.5458 3.4447 3.4145 3.4536 3.3703 3.3871 3.5109 3.4941 3.5501 3.7157 3.8202 3.9426 4.2701 4.6457 5.0098 5.6048 6.1502 6.6134 7.3144 7.7111 8.1888 8.7080 9.1957 9.6878 10.2326 10.7714 11.3393 11.9761 12.6136 13.2647 13.6166 13.9417 14.0914 13.6464 11.2295 10.4721 11.1464 12.0342
14.4022 13.7190 12.8766 12.4319 12.0784 11.4462 11.0170 10.2066 9.5570 8.9663 8.1947 7.9173 7.4671 7.2487 7.0906 7.0281 6.9017 6.6978 6.3934 6.0465 5.7173 5.6416 5.6172 5.6434 5.7423 5.7183 5.4121 5.1708 5.1403 5.1021 5.0006 5.0454 5.0568 5.0840 5.2282 5.2632 5.1599 5.2079 5.1942 5.1708 5.2612 5.4377 5.6059 5.9722 6.4752 6.8853 7.4502 8.1952 8.5640 9.1978 9.6536 10.0928 10.5525 10.9955 11.4182 11.8461 12.2309 12.5912 13.0395 13.5614 14.3870 15.2258 16.0558 16.9337 18.9692 18.8366 17.8915 16.8010
17.8049 17.1403 16.3617 15.5750 14.8521 14.2280 13.7237 13.3711 13.1014 12.7231 12.4160 11.9108 11.1958 10.6473 10.1706 9.6261 9.1654 8.7216 8.3416 8.0210 7.6639 7.2446 6.7846 6.3477 6.0372 5.8224 5.6479 5.5410 5.5127 5.5337 5.5949 5.6899 5.8035 5.9130 6.0366 6.1577 6.2946 6.3486 6.2943 6.2873 6.3527 6.6943 7.1202 7.4934 7.8618 8.2677 8.9507 9.3980 9.8505 10.1039 10.2840 10.4040 10.5028 10.5646 10.6152 10.6866 10.8635 11.1556 11.6563 12.4095 13.3725 14.3139 15.2466 16.1642 17.1853 17.7164 17.6869 17.3307
19.0782 18.4047 17.6491 16.8784 16.1933 15.6189 15.1805 14.8585 14.6392 14.4255 14.1448 13.7454 13.1590 12.3997 11.6142 10.9172 10.2794 9.8246 9.3689 8.9020 8.4549 8.0545 7.6537 7.2765 6.9188 6.6535 6.4340 6.2489 6.1033 6.0022 5.9768 5.9994 6.0689 6.1722 6.3105 6.4910 6.6884 6.9169 7.2668 7.4112 7.9129 8.5453 9.1409 9.6899 10.1572 10.5848 10.8370 11.1263 11.2957 11.2665 11.0814 10.8247 10.6148 10.5253 10.5422 10.7147 11.0935 11.6906 12.4377 13.2853 14.1413 15.0385 15.9093 16.6284 17.1655 17.3652 17.2260 16.8780
18.0706 17.6285 17.1589 16.6763 16.2259 15.8304 15.5075 15.2510 15.0502 14.8632 14.6150 14.2672 13.8916 13.5208 13.0963 12.5507 11.8321 11.0404 10.4296 9.9857 9.5300 9.0622 8.6517 8.2782 7.9106 7.5201 7.2139 6.9668 6.7522 6.5972 6.5068 6.4728 6.4858 6.5512 6.6656 6.8385 7.1076 7.4763 7.9277 8.4783 9.0403 9.7399 10.3156 10.8593 11.3405 11.7601 12.0134 12.0532 11.9033 11.6569 11.4033 11.2138 11.1188 11.2083 11.4908 11.9478 12.5111 13.1559 13.8632 14.5040 15.1859 15.8957 16.5040 16.9257 16.9988 16.8146 16.4980 16.1375
16.2897 16.0014 15.7555 15.5366 15.3089 15.0579 14.8252 14.6194 14.4362 14.2981 14.1379 13.9424 13.6957 13.4264 13.1592 12.9009 12.6320 12.2544 11.6542 10.9389 10.3987 9.9901 9.5837 9.1731 8.8406 8.5758 8.3060 8.0612 7.8463 7.6522 7.4559 7.2889 7.2187 7.2173 7.2524 7.3452 7.5336 7.9074 8.5277 9.4956 10.2100 10.7915 11.1638 11.4942 11.7845 12.0047 12.1161 12.1308 12.0735 11.9531 11.9158 12.0181 12.2824 12.6216 13.0600 13.5598 14.0981 14.5750 14.8892 15.3371 15.7846 16.0577 16.0607 15.9133 15.7696 15.6002 15.4326 15.2664
14.9494 14.8912 14.7922 14.6594 14.5212 14.3922 14.2274 14.0619 13.9434 13.8467 13.7502 13.6318 13.5017 13.3406 13.1603 12.9802 12.8099 12.6176 12.3810 12.0388 11.4216 10.7643 10.2865 9.9745 9.6542 9.3639 9.1916 9.0420 8.9098 8.7673 8.6397 8.4979 8.2908 8.1716 8.0624 8.0857 8.1804 8.3739 8.6505 9.4508 10.4440 10.6938 11.0580 11.3543 11.6508 11.9227 12.1320 12.3053 12.5329 12.8683 13.2408 13.6407 14.0159 14.4468 14.8077 15.0395 15.1340 15.1791 15.3410 15.6026 15.6452 15.6261 15.5198 15.3309 15.1018 14.8372 14.5016 14.0166
13.3841 13.5410 13.6099 13.6379 13.6415 13.6362 13.6067 13.5431 13.4465 13.3333 13.2298 13.1475 13.0669 12.9734 12.8600 12.7353 12.6071 12.4943 12.3946 12.2962 12.1724 11.8755 11.3253 10.7746 10.4260 10.2601 10.1362 10.0590 10.0080 9.9889 9.9861 9.9822 9.9675 9.7841 9.6673 9.5343 9.5794 9.7655 10.0793 10.4618 10.4216 10.9961 11.3801 11.7720 12.2624 12.6807 13.1507 13.7322 14.3386 14.8621 15.3075 15.6084 15.7666 15.6731 15.4113 15.1709 15.0300 15.0469 15.2202 15.0860 15.0760 14.8670 14.5930 14.2691 13.8639 13.4070 12.9399 12.5933
11.3154 11.7027 11.9584 12.1577 12.3654 12.5563 12.7458 12.8965 12.9665 12.9421 12.8139 12.6344 12.4551 12.2954 12.1502 12.0274 11.9337 11.8668 11.8261 11.8137 11.8195 11.8669 11.9170 11.8475 11.6170 11.2714 10.9579 10.7692 10.7057 10.7337 10.8214 10.9457 11.0032 10.9605 10.8136 10.7484 10.7623 10.9458 11.1838 11.3086 12.0294 12.4220 12.8962 13.4673 14.0536 14.8238 15.6895 16.4458 16.9625 17.2189 17.2581 17.0715 16.6779 16.1770 15.7299 15.3657 15.1009 14.8759 14.6310 14.3514 13.8859 13.4720 13.0436 12.6053 12.1945 11.8274 11.5107 11.1864
8.8010 9.2531 9.7561 10.2786 10.7763 11.1312 11.4769 11.7914 11.9964 12.1099 12.1156 11.9894 11.8090 11.6501 11.5185 11.4204 11.3577 11.3256 11.3226 11.3498 11.4419 11.5999 11.7804 11.9681 12.1162 12.2372 12.3182 12.3335 12.3303 12.3632 12.4186 12.4758 12.6230 12.9134 13.3253 13.8086 14.3512 14.5161 14.6054 14.6188 14.5386 14.6912 15.0749 15.7037 16.6411 17.7198 18.5822 18.9689 18.9173 18.5109 17.7975 16.9977 16.2291 15.5827 15.0641 14.6442 14.2808 13.8880 13.3519 12.8174 12.3163 11.7506 11.2230 10.8071 10.5101 10.2996 10.1412 10.0212
7.0997 7.3700 7.7455 8.0055 8.3534 8.7967 9.1693 9.5460 9.9518 10.3152 10.6714 10.9347 11.0490 11.0653 11.0300 10.9810 10.9571 10.9763 11.0389 11.1713 11.4213 11.7081 12.0253 12.3582 12.6997 13.0726 13.4419 13.8008 14.1307 14.3982 14.6349 14.8513 15.0371 15.2850 15.8954 16.2913 16.1361 16.0003 15.9069 15.9154 15.9602 16.2079 16.7873 17.7403 19.0140 20.1383 20.5369 20.1962 19.1915 17.9657 16.8505 15.9612 15.1881 14.5170 13.9411 13.4144 12.8742 12.2479 11.5668 10.9019 10.3532 9.9265 9.5318 9.2167 8.9821 8.8292 8.7198 8.6099
5.6958 6.0077 6.3189 6.7351 7.0504 7.4100 7.6906 7.9186 8.2166 8.5865 8.9058 9.3102 9.7422 10.0042 10.1784 10.3336 10.4880 10.6860 10.9429 11.3911 11.9100 12.5180 13.1744 13.8611 14.5553 15.1980 15.8791 16.4753 17.0272 17.5773 18.0597 18.4119 18.5740 18.6334 18.1765 17.5813 17.1083 16.7906 16.7093 16.7514 16.9940 17.5662 18.5455 19.7335 20.9799 21.6015 20.8377 19.3374 17.7926 16.3560 15.2057 14.5777 13.9120 13.2002 12.4886 11.6875 11.0197 9.9860 9.1911 8.8908 8.7217 8.1860 7.8157 7.4757 7.2502 7.1397 7.0420 6.8432
5.0459 5.5598 6.0550 6.5143 6.9910 7.2676 7.3829 7.4167 7.4881 7.6162 7.8126 8.0728 8.3462 8.6494 8.9671 9.2357 9.5448 9.9879 10.4893 11.2711 11.9680 12.9166 13.8845 14.8937 15.9303 16.7966 17.9952 18.8829 19.6230 20.3980 21.0043 21.2654 21.2311 20.5536 19.6370 18.8096 18.1199 17.7416 17.7127 18.0004 18.4800 19.4121 20.6414 21.0231 21.0296 20.8264 18.7841 18.1400 16.0445 14.4481 13.2696 13.5734 12.5397 11.4328 10.2382 8.7229 8.3021 7.7569 7.2619 6.6408 5.7936 5.4471 5.2344 5.1315 4.9664 4.6921 4.4387 4.3335
2.9373 3.3296 3.6858 3.9442 4.4318 5.1780 5.6128 5.8221 6.2090 6.5054 6.7852 7.0449 7.3502 7.5370 7.7274 7.9374 8.2960 8.7977 9.4514 10.2847 10.9446 11.7729 12.5388 13.2697 13.8913 14.5388 15.1857 15.6413 16.2757 16.7544 17.2559 17.7361 18.2966 18.9973 19.9391 20.4886 20.1715 19.8861 19.6138 19.6765 19.8721 20.8795 19.8552 17.9448 15.4273 13.5044 10.1378 7.2229 6.8228 6.8684 6.5820 4.8956 4.5005 4.2753 4.2184 4.6094 3.8157 3.4551 3.0794 2.6106 2.3266 2.0699 1.8576 1.6816 1.5929 1.5610 1.5476 1.4887
0.3452 0.4814 0.6559 1.0054 1.2259 1.4694 2.2614 3.2987 3.8722 4.4854 4.8462 5.0318 5.1258 5.1991 5.5210 5.9445 6.2318 6.5431 6.8582 7.2277 7.4052 7.5562 7.7810 8.0643 8.3061 8.4894 8.9610 9.3126 9.6743 10.3187 11.1569 12.0460 13.0099 14.4209 15.7071 16.9812 18.5317 19.3383 19.6163 18.7899 16.8664 13.1357 9.9082 7.0580 4.0752 0.4813 0.0000 0.0000 0.0000 0.0000 0.0000 0.0000 0.0000 0.0000 0.0000 0.0000 0.0000 0.0000 0.0000 0.0000 0.0589 0.1004 0.1545 0.1975 0.1989 0.1943 0.1582 0.1433
0.0000 0.0000 0.0000 0.0000 0.0000 0.0000 0.0000 0.0000 0.0000 0.0000 0.0000 0.0000 0.0000 0.0000 0.0000 0.0000 0.0000 0.0000 0.0000 0.0000 0.0000 0.0000 0.0000 0.0000 0.0000 0.0000 0.0000 0.0000 0.0000 0.0000 0.0000 0.0000 0.0000 0.0000 0.0000 0.0000 0.0000 0.0000 0.0000 0.0000 0.0000 0.0000 0.0000 0.0000 0.0000 0.0000 0.0000 0.0000 0.0000 0.0000 0.0000 0.0000 0.0000 0.0000 0.0000 0.0000 0.0000 0.0000 0.0000 0.0000 0.0000 0.0000 0.0000 0.0000 0.0000 0.0000 0.0000 0.0000
