tool_adapters/Deltares_HABITAT/example_maps/Tenryuu_river/standard_maps/waterdepth_egg_min.asc
ncols          735
nrows          17
xllcorner      -61262.8867
yllcorner      -118292.6406
cellsize       25
[rows 0 to 16 of 17, columns 426 to 496 of 735]
0.0000 0.0000 0.0000 0.0000 0.0000 0.0000 0.0000 0.0000 0.0000 0.0000 0.0000 0.0000 0.0000 0.0000 0.0000 0.0000 0.0000 0.0000 0.0000 0.0000 0.0000 0.0000 0.0000 0.0000 0.0000 0.0000 0.0000 0.0000 0.0000 0.0000 0.0000 0.0000 0.0000 0.0000 0.0000 0.0000 0.0000 0.0000 0.0000 0.0000 0.0000 0.0000 0.0000 0.0000 0.0000 0.0000 0.0000 0.0000 0.0000 0.0000 0.0000 0.0000 0.0000 0.0000 0.0000 0.0000 0.0000 0.0000 0.0000 0.0000 0.0000 0.0000 0.0000 0.0000 0.0000 0.0000 0.0000 0.0000 0.0000 0.0000 0.0000
1.4140 0.0111 0.3717 0.3721 1.1880 1.9630 1.9678 2.5865 4.5014 5.4002 5.3696 4.5673 5.1683 4.9031 4.0808 4.4125 4.3365 3.7635 4.2269 4.1104 3.7283 4.1528 4.1396 4.0872 4.4694 4.8392 4.7939 5.3387 5.7781 5.9244 6.9513 7.5541 8.2688 8.9774 9.4299 9.7681 10.2516 10.5244 10.7858 11.1044 11.1899 11.4782 11.8414 10.8167 10.9972 11.7068 12.1805 7.2220 8.8239 10.6493 11.6577 11.1404 10.8819 10.3812 8.2756 6.0242 7.8284 9.4300 9.0262 8.7506 8.8251 9.0720 10.5202 10.1732 9.9958 9.2039 8.4586 8.6741 8.5730 8.8316 9.5970
6.2347 6.3179 6.6023 6.3181 6.6598 6.8869 6.9828 7.0330 6.9055 6.8591 6.6678 6.5426 6.3833 6.1177 5.9917 5.9717 6.0097 6.0124 5.9949 5.7123 5.6403 5.5369 5.5343 5.8289 5.7842 6.0107 6.2061 6.3138 6.8172 7.4172 7.7749 8.7468 9.3616 9.9663 10.4817 10.8583 11.2000 11.4108 11.5313 11.5411 11.5140 11.4810 11.5548 11.9091 12.4353 13.1972 14.1315 14.7291 14.3195 14.2486 14.0826 14.0133 14.0809 14.2633 14.2704 14.5384 14.1528 14.0380 13.8344 13.5836 13.3435 13.1302 12.9564 12.8307 12.8570 12.8875 12.8563 12.8640 12.8750 12.8022 12.5316
7.2244 7.0631 6.9105 6.8760 6.6580 6.5105 6.2888 6.1213 6.0372 6.0448 6.1005 6.1694 6.2403 6.3644 6.4286 6.4679 6.5109 6.5577 6.6537 6.7817 6.5593 6.5355 6.4899 7.0475 7.3052 7.3688 7.4218 7.3298 7.9920 8.2596 8.7128 9.1556 9.4866 9.7488 9.9228 10.0323 10.0536 10.0356 9.9352 9.9441 10.0902 10.4541 10.9322 11.4094 11.9803 12.5979 13.2926 13.9116 14.2350 14.3468 14.3335 14.3003 14.3501 14.4591 14.4802 14.3689 14.2092 14.0391 13.8925 13.7588 13.6040 13.4354 13.2797 13.1608 13.1079 13.1523 13.1792 13.1251 13.0348 12.9446 12.8697
7.7115 7.3932 7.0448 6.7870 6.6259 6.4762 6.3763 6.2115 6.1419 6.0945 6.0490 6.0159 6.0139 6.0478 6.1037 6.1597 6.2271 6.3472 6.4643 6.5157 7.2289 7.3256 7.9882 8.7424 9.0437 9.1838 9.2095 9.2380 9.3209 9.4909 9.6800 9.8056 9.8160 9.7600 9.6914 9.5424 9.5518 9.6252 9.8958 10.3086 10.7811 11.2940 11.7303 12.2418 12.7762 13.2163 13.5852 13.8482 13.9429 13.9238 13.8520 13.7791 13.7337 13.7525 13.7928 13.7822 13.7222 13.6375 13.5464 13.4577 13.3680 13.2710 13.1711 13.0910 13.0384 13.0083 13.0141 13.0249 13.0144 12.9766 12.9199
8.2865 7.9310 7.7395 7.3981 7.0775 6.9144 6.7906 6.6652 6.4298 6.3170 6.2010 6.0883 6.0260 5.9968 5.9902 6.0125 6.0605 6.1295 6.2737 6.4711 7.1456 8.1961 8.8523 9.4438 9.6310 9.7260 9.8102 9.9149 10.0006 10.0181 9.9670 9.8520 9.7571 9.6371 9.6347 9.8079 10.1225 10.5563 11.0539 11.5568 12.0554 12.4042 12.7912 13.2090 13.5015 13.7181 13.7932 13.6936 13.5489 13.4004 13.2699 13.1678 13.0938 13.0291 12.9721 12.9297 12.8939 12.8611 12.8330 12.8128 12.7955 12.7778 12.7582 12.7320 12.7055 12.6801 12.6477 12.6224 12.6052 12.5915 12.5688
9.4470 9.0407 8.3321 7.9814 7.7416 7.5061 7.2398 7.1255 7.0320 6.8467 6.7262 6.6481 6.5653 6.4483 6.3170 6.2400 6.1915 6.1721 6.1991 6.3272 6.9053 8.6718 9.6495 9.8325 9.8800 9.8286 9.7180 9.6947 9.6703 9.6503 9.6403 9.6470 9.7728 10.0330 10.4148 10.8501 11.3465 11.8658 12.3967 12.8037 12.9450 13.2273 13.5386 13.6238 13.6273 13.4025 13.0671 12.8730 12.7276 12.6892 12.7186 12.7387 12.6178 12.4069 12.2359 12.1097 12.0300 11.9882 11.9769 11.9890 12.0182 12.0572 12.0986 12.1385 12.1744 12.1917 12.1904 12.1654 12.1372 12.1072 12.0696
9.8724 9.7698 9.5440 8.9322 8.3230 7.9888 7.8540 7.6326 7.3399 7.2739 7.2036 7.1910 7.1172 7.0970 7.0639 6.8406 6.6490 6.5283 6.4952 6.4748 6.5309 7.6816 9.2427 9.4934 9.1455 9.1549 9.0686 9.1097 9.1961 9.3546 9.6751 10.1336 10.6598 11.2340 11.7490 12.3392 12.8123 13.1444 13.2751 13.2813 13.4832 13.6841 13.6112 13.6082 13.4372 13.1876 12.8710 12.6129 12.4064 12.2278 11.8844 11.6215 11.4513 11.3848 11.3227 11.2677 11.2260 11.2012 11.1975 11.2206 11.2655 11.3281 11.4027 11.4835 11.5680 11.6477 11.7144 11.7356 11.7013 11.6222 11.5313
10.0196 9.9911 9.9349 9.8090 9.5596 8.9896 8.3900 8.0859 7.9328 7.8072 7.7494 7.7544 7.8189 7.8994 7.9659 8.0811 7.6048 7.6465 7.4231 7.4199 7.4822 8.1268 8.2990 8.8056 8.8662 8.8995 9.1006 9.2640 9.5822 10.1334 10.8356 11.5312 12.2162 12.7975 13.2407 13.4361 13.4097 13.3355 13.2734 13.2334 13.7909 13.6428 13.3093 13.2953 12.9942 12.6607 12.3181 11.9418 11.5604 11.1854 10.9989 10.8020 10.6511 10.5344 10.5015 10.5199 10.5559 10.5925 10.6297 10.6766 10.7378 10.8135 10.9014 11.0025 11.1184 11.2403 11.3757 11.4940 11.5710 11.5674 11.5355
9.8657 9.8370 9.8204 9.7803 9.7094 9.5898 9.3841 9.1010 8.6616 8.2861 8.0899 8.0346 8.1232 8.2782 8.4158 8.3621 8.2101 8.2345 8.3131 8.2263 8.2595 8.3712 9.1664 9.4365 9.6201 9.8302 10.0586 10.4979 11.1660 11.9512 12.7092 13.3352 13.7889 14.0529 14.1347 14.0753 13.9427 13.7954 13.6721 13.5782 13.3945 13.2620 12.9719 12.4439 12.0112 11.6061 11.2179 10.8786 10.5949 10.3898 10.1624 10.0779 10.0406 10.0402 10.0237 10.0411 10.0853 10.1439 10.2090 10.2803 10.3583 10.4450 10.5430 10.6531 10.7819 10.9331 11.1144 11.3495 11.6322 11.8643 11.9419
9.7796 9.7308 9.7033 9.6606 9.6210 9.5919 9.5556 9.5015 9.4162 9.3106 9.1974 9.1025 9.0329 9.0311 9.1167 9.2727 9.8569 10.4257 10.9482 10.9856 10.8665 10.8271 10.7623 10.8191 10.9448 11.2090 11.6879 12.3559 13.0944 13.7580 14.2372 14.4970 14.5339 14.3883 14.1407 13.8704 13.6548 13.5033 13.3772 13.2073 12.9129 12.3766 11.8291 11.3250 10.7790 10.3247 10.0172 9.8318 9.7231 9.6611 9.6595 9.6264 9.6227 9.6365 9.6589 9.6542 9.6526 9.6658 9.6964 9.7495 9.8184 9.8986 9.9883 10.0922 10.2121 10.3383 10.4986 10.6991 11.0048 11.4554 12.0178
9.9124 9.8752 9.8745 9.8916 9.9386 9.9540 9.9994 10.1009 10.1343 10.2280 10.3235 10.3286 10.3748 10.4419 10.5139 10.6544 11.4837 12.0858 12.1119 11.9559 11.7944 11.6781 11.6579 11.7492 12.0360 12.5680 13.2803 13.9867 14.5149 14.8425 14.9144 14.7194 14.3772 13.9672 13.5795 13.2736 13.0575 12.8835 12.6755 12.3046 11.7434 11.0504 10.3923 9.8150 9.4573 9.2355 9.1032 9.0074 8.9573 8.9326 8.9209 8.9176 8.8831 8.8118 8.7375 8.6942 8.6691 8.6684 8.6967 8.7305 8.7724 8.8221 8.8755 8.9222 8.9932 9.1042 9.2073 9.3144 9.4421 9.6896 10.1355
10.2660 10.4330 10.5934 10.8262 11.0871 11.2993 11.5780 11.8180 11.9731 12.1563 12.3118 12.4260 12.5515 12.6468 12.7111 12.9165 12.8980 12.7733 12.5913 12.3976 12.2415 12.2271 12.3645 12.6991 13.3191 14.1085 14.7822 15.1443 15.1812 15.0871 14.6372 14.1174 13.5889 13.1153 12.7665 12.4999 12.2655 11.9694 11.4851 10.8793 9.9287 9.1138 8.8495 8.6885 8.2764 8.1819 8.0934 8.0216 7.9723 7.9036 7.7709 7.5925 7.5083 7.5811 7.6662 7.7655 7.8430 7.8945 7.9549 8.0089 8.0489 8.1074 8.1776 8.2385 8.4407 8.5810 8.6125 8.6701 8.7357 8.7662 8.8090
10.4741 10.7740 11.0715 11.4848 11.9267 12.2907 12.7600 13.1888 13.5079 13.8685 14.0914 14.2145 14.3063 14.2895 14.2201 14.4994 13.8518 13.3956 13.1149 12.9678 13.0262 13.2239 13.5788 14.1948 15.0269 15.5913 15.5438 15.3239 15.0188 14.6159 14.4712 13.4509 12.6944 12.3080 12.1646 11.5952 11.0097 10.1664 9.0949 8.1646 8.0627 7.9109 7.3138 6.1037 6.1472 6.4726 6.6009 6.4719 6.0417 5.5510 5.6316 5.7310 6.0917 6.2019 6.4611 6.4460 6.4403 6.5452 6.6470 6.7892 6.9887 7.1489 7.2314 7.4888 7.7235 8.0773 8.4275 8.6237 8.5142 8.3746 8.4834
10.0077 10.3082 10.5863 10.6946 10.9732 11.1781 11.1470 11.6006 11.6464 11.3406 11.6522 11.6562 11.4158 11.4844 11.6845 12.5283 13.5156 14.2567 14.6365 15.0245 14.8665 14.8038 15.1224 15.6507 15.7422 14.8045 14.2983 12.8528 10.5199 11.1174 5.7117 6.5726 9.3276 8.0260 4.0065 3.9721 3.9634 7.9396 6.4464 3.6790 3.9533 3.7068 3.0951 3.0817 2.8862 2.6811 2.5296 2.4338 2.4773 2.3988 2.3599 2.2373 2.3323 2.4786 2.9247 3.3214 3.4546 3.5944 3.8550 4.3503 5.0195 5.8619 6.1141 6.0263 6.0131 6.0661 6.0788 5.7119 5.3600 4.8391 4.7853
8.0074 7.4762 7.4466 7.5051 6.8592 6.8190 6.9363 6.7278 6.6720 6.7647 6.7548 6.8656 7.2549 7.6742 8.0450 9.5559 10.5303 11.5549 13.9077 14.7773 15.5023 16.1009 14.7329 14.1893 10.3051 7.7479 6.2718 4.9206 0.4915 0.0000 0.0000 0.0000 0.0000 0.0201 0.0719 0.1561 0.2948 0.3950 0.0802 0.0272 0.0286 0.0459 0.0813 0.0803 0.2292 0.5338 0.3372 0.2901 0.3923 0.1680 0.1327 0.1992 0.0709 0.1172 0.2252 0.2947 0.3084 0.3416 0.6425 0.9908 2.2565 3.2610 4.0391 3.6782 3.0382 2.1474 0.3584 0.0000 0.9532 0.0000 0.0000
0.0000 0.0000 0.0000 0.0000 0.0000 0.0000 0.0000 0.0000 0.0000 0.0000 0.0000 0.0000 0.0000 0.0000 0.0000 0.0000 0.0000 0.0000 0.0000 0.0000 0.0000 0.0000 0.0000 0.0000 0.0000 0.0000 0.0000 0.0000 0.0000 0.0000 0.0000 0.0000 0.0000 0.0000 0.0000 0.0000 0.0000 0.0000 0.0000 0.0000 0.0000 0.0000 0.0000 0.0000 0.0000 0.0000 0.0000 0.0000 0.0000 0.0000 0.0000 0.0000 0.0000 0.0000 0.0000 0.0000 0.0000 0.0000 0.0000 0.0000 0.0000 0.0000 0.0000 0.0000 0.0000 0.0000 0.0000 0.0000 0.0000 0.0000 0.0000
