tool_adapters/Deltares_HABITAT/example_maps/Tenryuu_river/standard_maps/waterdepth_descending_mean.asc
ncols          735
nrows          17
xllcorner      -61262.8867
yllcorner      -118292.6406
cellsize       25
[rows 0 to 16 of 17, columns 0 to 70 of 735]
0.0000 0.0000 0.0000 0.0000 0.0000 0.0000 0.0000 0.0000 0.0000 0.0000 0.0000 0.0000 0.0000 0.0000 0.0000 0.0000 0.0000 0.0000 0.0000 0.0000 0.0000 0.0000 0.0000 0.0000 0.0000 0.0000 0.0000 0.0000 0.0000 0.0000 0.0000 0.0000 0.0000 0.0000 0.0000 0.0000 0.0000 0.0000 0.0000 0.0000 0.0000 0.0000 0.0000 0.0000 0.0000 0.0000 0.0000 0.0000 0.0000 0.0000 0.0000 0.0000 0.0000 0.0000 0.0000 0.0000 0.0000 0.0000 0.0000 0.0000 0.0000 0.0000 0.0000 0.0000 0.0000 0.0000 0.0000 0.0000 0.0000 0.0000 0.0000
0.0000 0.0090 0.0107 0.0141 0.0144 0.0134 0.0139 0.0161 0.0102 0.0256 0.0360 0.0302 0.0000 0.0000 0.0000 0.0000 0.0000 0.0000 0.0000 0.0000 0.0217 0.0231 0.0228 0.0120 0.0200 0.0252 0.0215 0.0210 0.0196 0.0192 0.0131 0.0134 0.0137 0.0141 0.0129 0.0162 0.0118 0.0096 0.0081 0.0079 0.0081 0.0083 0.0092 0.0117 0.0125 0.0650 0.0086 0.0091 0.0117 0.0109 0.0079 0.0084 0.0311 0.0091 0.0094 0.0114 0.0173 0.0213 0.0175 0.0226 0.0219 0.0137 0.7993 0.0308 0.0350 0.0307 0.0349 0.0338 0.0229 0.0269 0.0292
0.0000 1.0786 0.0231 0.0237 0.0264 0.0368 0.0156 0.0357 0.0188 0.0791 0.0164 0.0210 0.0111 0.0580 0.0151 0.0156 0.0219 0.0293 0.0136 0.0137 0.0661 0.0369 0.0180 0.0137 0.0186 0.0263 0.0271 0.0251 0.1036 0.0223 0.0245 0.0191 0.0295 0.0174 0.0182 0.0151 0.0131 0.0194 0.0252 0.0131 0.0301 0.0270 0.0209 0.1008 0.1023 0.0543 0.0445 0.0268 0.0141 0.0117 0.0225 0.0077 0.0482 0.0169 0.0079 0.0365 0.1245 0.0347 0.0313 0.0692 0.0489 0.0436 0.1133 0.0082 0.0093 0.0195 0.0233 0.0245 0.0244 0.0267 0.0245
0.0000 3.4673 0.3496 0.0564 0.0286 0.0177 0.0240 0.0234 0.0404 0.0241 0.0188 0.0220 0.0158 0.0148 0.0268 0.0214 0.0243 0.0202 0.0198 0.0248 0.0158 0.0156 0.0423 0.0147 0.0088 0.0212 0.0641 0.0244 0.0198 0.0195 0.0208 0.0208 0.0196 0.0173 0.0138 0.0102 0.0114 0.0349 0.0150 0.0137 0.0243 0.0137 0.0154 0.0128 0.0196 0.0251 0.0357 0.0206 0.0130 0.0251 0.0361 0.0096 0.0085 0.0130 0.0138 0.0639 0.0311 0.0094 0.0544 0.0372 0.0102 0.0247 0.0290 0.0248 0.0212 0.0245 0.0262 0.0203 0.0245 0.0237 0.0299
2.1469 1.6308 0.8107 0.4614 0.3270 0.2901 0.2684 0.2660 0.2482 0.1862 0.1421 0.1085 0.0679 0.0686 0.0435 0.0278 0.0301 0.0248 0.0204 0.0229 0.0191 0.0201 0.0155 0.0120 0.0098 0.0140 0.0130 0.0338 0.0255 0.0125 0.0174 0.0227 0.0198 0.0128 0.0103 0.0084 0.0122 0.0184 0.0156 0.0180 0.0394 0.0111 0.0168 0.0226 0.0128 0.0110 0.0167 0.0207 0.0092 0.0141 0.0139 0.0079 0.0111 0.0251 0.0210 0.0198 0.0257 0.0178 0.0201 0.0226 0.0793 0.0257 0.0228 0.0284 0.0282 0.0306 0.0303 0.0372 0.0632 0.1957 0.2635
2.4653 2.8576 2.2139 1.9063 1.6718 1.5058 1.3726 1.2376 1.1303 0.9989 0.8089 0.6493 0.5165 0.4494 0.3251 0.2292 0.1966 0.1808 0.1333 0.1266 0.0743 0.0597 0.0363 0.0236 0.0149 0.0310 0.0266 0.0285 0.0231 0.0145 0.0147 0.0173 0.0212 0.0223 0.0100 0.0101 0.0152 0.0135 0.0114 0.0098 0.0122 0.0171 0.0171 0.0173 0.0133 0.0082 0.0093 0.0107 0.0172 0.0178 0.0114 0.0105 0.0079 0.0200 0.0105 0.0131 0.0454 0.0135 0.0974 0.0288 0.0315 0.0433 0.0595 0.0774 0.1103 0.1423 0.2138 0.3446 0.5552 0.6089 0.7678
3.1655 3.3213 3.3103 3.2427 3.1288 2.9896 2.8260 2.6864 2.4886 2.3254 2.2427 2.0808 1.8722 1.3528 1.2340 0.9899 0.7788 0.6598 0.5239 0.4854 0.3980 0.2694 0.2034 0.1436 0.2013 0.2226 0.1044 0.0710 0.0558 0.0451 0.0337 0.0269 0.0210 0.0189 0.0148 0.0165 0.0110 0.0177 0.0145 0.0228 0.0176 0.0259 0.0214 0.0216 0.0250 0.0206 0.0275 0.0268 0.0297 0.0411 0.0279 0.0322 0.0434 0.0492 0.0700 0.0470 0.0649 0.1291 0.2501 0.2780 0.3204 0.3679 0.4884 0.5272 0.5628 0.6002 0.7580 1.0662 1.4780 1.8875 2.3846
3.2785 3.4173 3.7348 3.6362 3.6986 3.7216 3.6389 3.5010 3.3246 3.1247 2.8977 2.7325 2.5738 2.5940 2.3887 2.2199 2.1450 1.8455 1.7302 1.5529 1.3430 1.1094 0.7918 0.8652 0.8397 0.5779 0.4469 0.4398 0.3915 0.3088 0.2516 0.2115 0.1813 0.1585 0.1385 0.1349 0.1380 0.1425 0.1494 0.1564 0.1680 0.1792 0.1849 0.1967 0.2060 0.2151 0.2268 0.2462 0.2460 0.2279 0.2483 0.2697 0.2991 0.3078 0.3991 0.5145 0.5453 0.5949 0.7456 0.7994 0.8394 0.9402 1.0385 1.1562 1.3572 1.6817 2.1755 2.7918 3.1171 3.0669 2.7518
2.8065 3.2910 2.4492 2.4117 2.4586 2.5804 2.7337 2.8567 2.9554 2.9913 2.9674 2.8576 2.7175 2.5699 2.6292 2.6660 2.6437 2.6721 2.6031 2.5495 2.4910 2.3928 2.2539 2.0768 1.6899 1.3940 1.5210 1.2807 1.0959 0.9707 0.8864 0.8272 0.7684 0.7426 0.7505 0.7601 0.7512 0.7602 0.7588 0.7586 0.7593 0.7693 0.7807 0.7901 0.8094 0.8214 0.8348 0.8360 0.8150 0.7833 0.8261 1.0089 1.0691 1.1181 1.2700 1.3375 1.2889 1.4869 1.4959 1.5809 1.6940 1.8232 2.0143 2.2986 2.6816 2.9975 2.9744 2.5044 1.9406 1.5319 1.3565
2.0914 1.7083 1.1341 0.8817 0.8685 0.9211 1.0388 1.2423 1.5124 1.7290 1.9150 2.1162 2.2970 2.1765 2.1032 2.1190 2.2234 2.3285 2.5226 2.6896 2.8189 2.9265 2.9786 2.9262 2.7737 2.5495 2.2645 2.0655 1.8756 1.7310 1.6338 1.5555 1.5091 1.4882 1.4716 1.4443 1.4456 1.4273 1.4177 1.4054 1.4015 1.4010 1.3997 1.4062 1.4067 1.4216 1.4521 1.4959 1.5491 1.6879 1.8632 1.8391 1.8454 1.8860 1.9378 1.9477 2.1416 2.2052 2.3477 2.4534 2.5222 2.5815 2.6300 2.5611 2.3707 2.0503 1.7419 1.4140 0.9983 0.5147 0.3376
0.0000 2.9582 0.2768 0.2049 0.1480 0.1381 0.1567 0.2114 0.2843 0.4337 0.5729 0.6838 0.8802 1.2859 1.4214 1.4172 1.4542 1.5415 1.6163 1.7697 1.9309 2.0971 2.3062 2.5711 2.8562 3.0382 3.1016 3.0140 2.8383 2.6165 2.4140 2.2581 2.1343 2.0373 1.9742 1.9477 1.9203 1.8909 1.8599 1.8369 1.8233 1.8245 1.8433 1.8713 1.9284 1.9997 2.0773 2.1536 2.2813 2.3936 2.3837 2.4386 2.4715 2.4042 2.2498 2.1582 1.9186 1.8893 1.7875 1.8548 1.9574 2.0099 1.8920 1.5742 1.4655 0.8896 0.5875 0.5410 0.4348 0.1953 0.0266
0.0000 0.1601 0.0150 0.0359 0.0843 0.0929 0.1170 0.0284 0.0254 0.0199 0.0253 0.0414 0.1182 0.2690 0.3907 0.5311 0.5795 0.6131 0.7229 0.8161 0.9974 1.1185 1.2965 1.4924 1.7394 2.0188 2.2656 2.5307 2.7468 2.8408 2.7929 2.6713 2.5427 2.4306 2.3362 2.2455 2.1744 2.1220 2.0883 2.0699 2.0711 2.0975 2.1463 2.2266 2.3041 2.3950 2.4759 2.5328 2.4770 2.3587 2.2692 1.9897 1.6955 1.5711 1.4723 1.4154 1.3172 0.9926 1.1059 0.8441 0.7523 0.9750 0.8608 0.5776 0.5404 0.5189 0.2533 0.0328 0.0219 0.0222 0.0312
0.0000 0.0104 0.0271 0.1643 0.0160 0.0167 0.0084 0.0161 0.0141 0.0131 0.0295 0.0293 0.0312 0.0245 0.0246 0.0254 0.0515 0.1007 0.1497 0.2211 0.3345 0.4873 0.5327 0.6351 0.8216 1.0478 1.3232 1.5289 1.8144 2.0165 2.1491 2.2421 2.2942 2.3457 2.3826 2.3591 2.2925 2.2262 2.1639 2.1176 2.0915 2.1107 2.1969 2.2868 2.3706 2.3468 2.1613 1.9440 1.7324 1.3182 0.8018 0.6059 0.5137 0.5037 0.5151 0.5767 0.5939 0.4467 0.3874 0.3470 0.2922 0.2832 0.3113 0.1328 0.0366 0.0284 0.0259 0.0343 0.0271 0.0236 0.0113
0.0000 0.0094 0.0129 0.0169 0.0144 0.0144 0.0174 0.0192 0.0216 0.0216 0.0218 0.0169 0.0170 0.0171 0.0155 0.0240 0.0301 0.0295 0.0339 0.0265 0.0219 0.0249 0.0438 0.0817 0.2024 0.3323 0.5382 0.6391 0.8983 1.2898 1.4738 1.6126 1.8154 2.2763 2.4821 2.1048 1.9853 1.9465 1.9140 1.8658 1.8826 1.9932 1.9071 1.8731 1.6884 1.3279 1.2873 0.8962 0.5266 0.3562 0.2729 0.1456 0.0803 0.0519 0.0483 0.0523 0.1661 0.0638 0.0551 0.0306 0.0402 0.0208 0.0222 0.0247 0.0305 0.0230 0.0269 0.0138 0.0088 0.0162 0.0163
0.0000 0.5102 0.0089 0.1081 0.0080 0.0077 0.0103 0.0149 0.0128 0.0080 0.0201 0.0192 0.0217 0.0218 0.0228 0.0232 0.0167 0.0167 0.0147 0.0155 0.1948 0.0318 0.0270 0.0229 0.0206 0.0380 0.1015 0.2474 0.5184 0.7901 1.2675 1.5089 1.7587 3.2566 0.6561 1.9549 1.7715 1.3792 1.4550 1.5136 1.5648 1.5236 1.0260 0.4607 0.3765 0.1804 0.0266 0.0332 0.0294 0.0114 0.0081 0.0098 0.0100 0.0193 0.0170 0.0395 0.0267 0.0278 0.0370 0.0235 0.0102 0.0136 0.0100 0.0101 0.0101 0.0089 0.0532 0.0078 0.0147 0.0136 0.0175
0.0000 0.0081 0.0081 0.0080 0.0081 0.0078 0.2032 0.4692 0.5007 0.4340 0.3030 0.0894 0.0202 0.0415 0.0197 0.1642 0.3168 0.3549 0.3267 0.3089 0.0352 0.0141 0.0203 0.0228 0.0158 0.3793 0.0143 0.0518 0.0664 0.0136 0.0121 0.0190 0.0300 0.0255 0.0258 0.0165 0.0222 0.0387 0.0238 0.0115 0.0093 0.0124 0.0111 0.0168 0.0125 0.0132 0.0125 0.0449 0.0181 0.0173 0.0103 0.0269 0.0361 0.0000 0.0133 0.0118 0.0291 0.0150 0.0000 0.0000 0.0000 0.0000 0.0000 0.0000 0.0000 0.0000 0.0000 0.0000 0.0000 0.0000 0.0000
0.0000 0.0000 0.0000 0.0000 0.0000 0.0000 0.0000 0.0000 0.0000 0.0000 0.0000 0.0000 0.0000 0.0000 0.0000 0.0000 0.0000 0.0000 0.0000 0.0000 0.0000 0.0000 0.0000 0.0000 0.0000 0.0000 0.0000 0.0000 0.0000 0.0000 0.0000 0.0000 0.0000 0.0000 0.0000 0.0000 0.0000 0.0000 0.0000 0.0000 0.0000 0.0000 0.0000 0.0000 0.0000 0.0000 0.0000 0.0000 0.0000 0.0000 0.0000 0.0000 0.0000 0.0000 0.0000 0.0000 0.0000 0.0000 0.0000 0.0000 0.0000 0.0000 0.0000 0.0000 0.0000 0.0000 0.0000 0.0000 0.0000 0.0000 0.0000
