tool_adapters/Deltares_HABITAT/example_maps/Tenryuu_river/standard_maps/waterdepth_descending_mean.asc
ncols          735
nrows          17
xllcorner      -61262.8867
yllcorner      -118292.6406
cellsize       25
[rows 0 to 16 of 17, columns 142 to 212 of 735]
0.0000 0.0000 0.0000 0.0000 0.0000 0.0000 0.0000 0.0000 0.0000 0.0000 0.0000 0.0000 0.0000 0.0000 0.0000 0.0000 0.0000 0.0000 0.0000 0.0000 0.0000 0.0000 0.0000 0.0000 0.0000 0.0000 0.0000 0.0000 0.0000 0.0000 0.0000 0.0000 0.0000 0.0000 0.0000 0.0000 0.0000 0.0000 0.0000 0.0000 0.0000 0.0000 0.0000 0.0000 0.0000 0.0000 0.0000 0.0000 0.0000 0.0000 0.0000 0.0000 0.0000 0.0000 0.0000 0.0000 0.0000 0.0000 0.0000 0.0000 0.0000 0.0000 0.0000 0.0000 0.0000 0.0000 0.0000 0.0000 0.0000 0.0000 0.0000
0.0080 0.0077 0.0077 0.0086 0.0362 0.0090 0.0179 0.3951 0.2063 0.2216 0.5389 0.0933 0.0828 0.1971 0.2555 0.0140 0.3051 0.6704 0.8829 1.0897 1.1725 1.5745 1.5006 2.1722 0.8383 2.0052 2.1707 0.8323 0.7308 2.0715 1.6447 0.0285 1.1297 0.0238 0.4377 0.0188 0.0159 0.5878 2.0234 2.4549 1.9980 2.2937 2.5743 2.8313 2.9488 1.8186 2.2300 3.6866 3.3757 2.5092 2.8173 3.1588 2.9741 2.7085 2.8794 2.9125 2.6859 2.4916 2.3474 2.2600 2.2340 2.3015 2.4910 2.9649 3.5491 3.9310 4.2041 4.2997 3.9754 3.1216 0.7595
0.0156 0.0118 0.1697 0.2516 0.3832 0.5399 0.7336 0.8640 1.0781 1.1534 1.0158 0.8437 0.6535 0.5915 0.6371 0.6853 0.7139 0.7565 0.8095 0.8259 0.8163 0.7443 0.9723 1.3272 1.7713 1.6168 2.2343 2.5837 2.8010 3.0189 3.6220 4.3174 4.2734 4.6029 4.3335 4.4426 4.0983 3.6795 3.3859 3.2332 3.2885 3.4159 3.4969 3.5702 3.6889 3.9433 3.4075 3.2295 3.0827 3.0889 2.9761 2.8846 2.8440 2.8406 2.5921 2.4272 2.3430 2.2723 2.2033 2.1289 2.0602 2.0064 1.9542 1.9090 1.9005 2.0173 2.3721 2.9015 3.8038 4.7497 5.1766
0.2589 0.2983 0.3024 0.3009 0.2561 0.2431 0.2058 0.2111 0.1945 0.2089 0.2316 0.2182 0.2087 0.1743 0.1827 0.2099 0.2069 0.1842 0.1709 0.1955 0.2312 0.3913 0.4955 0.5800 0.8154 1.1951 1.4488 1.8584 2.2076 2.5204 2.9086 3.3925 3.8552 4.1586 4.3422 4.3562 4.2929 4.1790 4.0677 3.9400 3.8650 3.8125 3.7438 3.6697 3.6225 3.5530 3.4970 3.3199 3.1899 3.1103 3.0296 2.9306 2.8401 2.7219 2.6321 2.5130 2.3906 2.2923 2.2059 2.1524 2.1014 2.0726 2.0273 1.9788 1.9192 1.8664 1.8464 1.9244 2.2249 2.9090 3.6381
0.0078 0.0078 0.0077 0.0081 0.0086 0.0086 0.0098 0.0084 0.0106 0.0094 0.0120 0.0088 0.0098 0.0108 0.0115 0.0268 0.0293 0.0295 0.0349 0.1831 0.3556 0.4947 0.5933 0.7710 1.0455 1.3103 1.5792 1.8767 2.2201 2.5692 2.8558 3.1164 3.3325 3.5255 3.6563 3.7706 3.8938 4.0026 3.9908 3.9245 3.8514 3.7766 3.7259 3.6954 3.6698 3.6396 3.5547 3.4880 3.4078 3.3354 3.2671 3.2040 3.1315 3.0635 2.9668 2.8664 2.7639 2.6551 2.5503 2.4366 2.3500 2.2531 2.1935 2.1659 2.1561 2.1570 2.1648 2.1911 2.2388 2.3123 2.4634
0.0358 0.0180 0.0097 0.0123 0.0133 0.0142 0.0159 0.0159 0.0166 0.0170 0.0164 0.0138 0.0142 0.0167 0.0353 0.0184 0.2019 0.3848 0.5090 0.6197 0.6966 0.8229 1.0662 1.2868 1.5606 1.8585 2.1358 2.3469 2.4375 2.6244 2.9643 3.0754 3.0400 3.0101 3.0316 3.0580 3.0997 3.1646 3.2621 3.3522 3.4296 3.5231 3.5671 3.5731 3.5672 3.5527 3.5386 3.4971 3.4640 3.4316 3.3976 3.3478 3.3018 3.2440 3.1891 3.1253 3.0580 2.9971 2.9379 2.8958 2.8138 2.7464 2.6601 2.5584 2.4704 2.4183 2.4167 2.4476 2.4955 2.5610 2.6092
0.0140 0.0170 0.0151 0.0161 0.0162 0.0165 0.0166 0.0137 0.0141 0.0148 0.0321 0.0230 0.2089 0.4072 0.5087 0.6134 0.7115 0.7767 0.9209 1.0152 1.1808 1.3791 1.6543 1.9309 2.2201 2.4291 2.4973 2.4831 2.4750 2.4456 2.5911 2.6853 2.6259 2.5422 2.4691 2.4686 2.4959 2.5450 2.5995 2.6718 2.7548 2.8384 2.9445 3.0480 3.1308 3.1933 3.2427 3.2744 3.2789 3.2735 3.2484 3.2373 3.2185 3.2015 3.1807 3.1623 3.1410 3.1042 3.0654 2.9883 2.9636 2.9191 2.8818 2.8449 2.7993 2.7436 2.6796 2.6194 2.5945 2.5729 2.5487
0.0162 0.0165 0.0163 0.0140 0.0143 0.0142 0.0390 0.1147 0.2894 0.4185 0.5233 0.5861 0.6952 0.7821 0.9397 1.0443 1.1446 1.2804 1.4394 1.6492 1.9142 2.2282 2.4897 2.7009 2.7121 2.5402 2.2993 2.1182 2.0886 2.0690 2.1902 2.1120 2.0245 1.9821 1.9892 2.0073 2.0539 2.0924 2.1409 2.1807 2.2263 2.2756 2.3375 2.4181 2.5074 2.5915 2.6643 2.7183 2.7515 2.7813 2.8329 2.8732 2.9165 2.9437 2.9551 2.9533 2.9305 2.9020 2.8623 2.8561 2.8038 2.8071 2.8169 2.8224 2.8227 2.8032 2.7582 2.6904 2.5749 2.4585 2.3500
0.0243 0.1679 0.2478 0.3801 0.4567 0.5470 0.5846 0.7480 0.8587 1.0084 1.1674 1.2599 1.3753 1.4986 1.6184 1.7310 1.8705 2.0500 2.2740 2.5322 2.7735 2.8776 2.8211 2.5996 2.3319 2.0545 1.8402 1.7422 1.6568 1.6747 1.6553 1.5430 1.5035 1.5379 1.5999 1.6612 1.6858 1.6944 1.6876 1.6898 1.7042 1.7281 1.7466 1.7772 1.8255 1.8913 1.9636 2.0454 2.1107 2.1796 2.2322 2.2897 2.3383 2.3864 2.4530 2.5009 2.5387 2.5158 2.5682 2.5523 2.5272 2.5040 2.5237 2.5764 2.6238 2.6662 2.6997 2.6848 2.6291 2.5195 2.4073
0.5908 0.7471 0.9220 1.0685 1.2240 1.3722 1.5193 1.6562 1.7874 1.8896 1.9834 2.0647 2.1464 2.2234 2.3007 2.3997 2.5446 2.7332 2.8942 2.9240 2.7925 2.5570 2.2587 1.9954 1.7170 1.5546 1.4711 1.3465 1.2753 1.3008 1.1537 1.0930 1.1205 1.2109 1.2654 1.2480 1.2147 1.1791 1.1573 1.1399 1.1385 1.1448 1.1730 1.1956 1.2171 1.2503 1.2951 1.3471 1.4150 1.4871 1.5649 1.6301 1.7022 1.7710 1.8191 1.8759 1.9277 2.0186 2.0446 2.1225 2.1753 2.1946 2.1825 2.1736 2.2233 2.3003 2.3779 2.4627 2.5350 2.5623 2.4951
1.6808 1.8847 2.0341 2.1679 2.2859 2.3830 2.4548 2.5054 2.5206 2.5141 2.4898 2.4705 2.4633 2.4751 2.5174 2.6042 2.7149 2.7429 2.6250 2.4114 2.1397 1.8665 1.6303 1.4199 1.3598 1.2391 1.0261 1.0327 1.0112 0.8325 0.7857 0.8056 0.8635 0.8551 0.8022 0.7373 0.6783 0.6365 0.6118 0.5997 0.6018 0.6223 0.6357 0.6635 0.6912 0.7078 0.7264 0.7497 0.7770 0.8060 0.8428 0.8972 0.9542 1.0198 1.0946 1.1467 1.2229 1.2715 1.3538 1.4259 1.5239 1.6323 1.6843 1.7182 1.7278 1.7646 1.8417 1.9384 2.0489 2.1794 2.3063
2.8122 2.9312 2.9571 2.9072 2.8188 2.7162 2.6176 2.5243 2.4400 2.3592 2.2997 2.2609 2.2493 2.2753 2.3274 2.3931 2.3836 2.2238 1.9751 1.6793 1.4249 1.2229 1.1043 1.0940 0.8306 0.8512 0.8629 0.7189 0.5855 0.5545 0.5314 0.5254 0.4718 0.3693 0.3171 0.2846 0.2633 0.2541 0.2462 0.2503 0.2617 0.2684 0.2791 0.2811 0.2900 0.2906 0.2919 0.2964 0.3016 0.3115 0.3261 0.3441 0.3742 0.4191 0.4813 0.5759 0.6476 0.6801 0.7419 0.7895 0.8324 0.9070 1.0350 1.1459 1.2615 1.3571 1.4772 1.6493 1.8555 2.0723 2.3103
3.0814 2.8673 2.6458 2.4695 2.3343 2.2288 2.1414 2.0641 1.9922 1.9485 1.9130 1.8943 1.9152 1.9745 2.0209 1.9952 1.8080 1.4861 1.2972 1.0175 0.8369 0.7812 0.6059 0.5468 0.5073 0.5004 0.4980 0.5244 0.4030 0.2880 0.2177 0.1589 0.1200 0.0911 0.0446 0.0212 0.0171 0.0188 0.0196 0.0217 0.0236 0.0210 0.0199 0.0145 0.0113 0.0102 0.0119 0.0143 0.0237 0.0522 0.0855 0.1083 0.1573 0.2192 0.3006 0.3850 0.4953 0.5666 0.6237 0.7492 0.7551 0.8515 0.9905 1.2666 1.4927 1.7400 1.9318 2.0951 2.2561 2.4241 2.5506
2.1360 1.9726 1.8988 1.8638 1.8475 1.8513 1.8617 1.8475 1.7867 1.7040 1.6777 1.6822 1.7067 1.6939 1.5473 1.4685 0.9624 0.5116 0.4862 0.4804 0.4350 0.4439 0.3347 0.3544 0.3897 0.2212 0.1373 0.0444 0.0198 0.0492 0.0306 0.0245 0.0134 0.0133 0.0103 0.0146 0.0113 0.0117 0.0078 0.0266 0.0423 0.0422 0.0290 0.0155 0.0108 0.0164 0.0297 0.0487 0.0192 0.0413 0.1091 0.2009 0.2915 0.3883 0.4791 0.5572 0.6332 0.7847 0.9446 1.0450 1.2965 1.5166 1.7866 1.8693 2.0096 2.0365 2.0615 2.1081 2.0885 2.0157 2.0244
0.9924 0.9544 0.9828 1.2432 1.3837 1.5997 1.7825 1.8476 1.7207 1.6924 1.5986 1.5005 1.4775 1.2871 0.8041 0.4960 0.4609 0.3835 0.1644 0.0282 0.0159 0.0218 0.0104 0.0236 0.0258 0.0251 0.0199 0.0096 0.0089 0.0080 0.0093 0.0307 0.0208 0.0196 0.0182 0.0187 0.0082 0.0308 0.0143 0.0106 0.0156 0.0187 0.0485 0.0210 0.0152 0.0131 0.0188 0.0465 0.1282 0.2292 0.3281 0.3858 0.4332 0.4599 0.4600 0.4616 0.5187 0.6549 0.8768 1.1415 1.1939 1.1339 0.8659 0.6334 0.5100 0.5321 0.6068 0.6920 0.8092 0.9857 1.2518
0.2104 0.2008 0.0790 0.0226 2.3544 0.0375 0.0256 3.6756 1.6474 1.5973 1.7615 1.6406 1.1810 0.5144 0.4417 0.2541 0.0180 0.0106 0.0097 0.0254 0.0312 0.0115 0.0124 0.0112 0.0131 0.0149 0.0140 0.0122 0.0194 0.0189 0.0208 0.0208 0.0193 0.0128 0.0192 0.0111 0.0098 0.0244 0.0188 0.0206 0.0198 0.0132 0.0124 0.0217 0.0212 0.0400 0.0474 0.1068 0.1420 0.1195 0.1077 0.1301 0.1784 0.2523 0.3562 0.4624 0.4579 0.3576 0.2070 0.0239 0.0194 0.0188 0.0176 0.0152 0.0255 0.0129 0.0866 0.2209 0.4526 0.3812 0.0448
0.0000 0.0000 0.0000 0.0000 0.0000 0.0000 0.0000 0.0000 0.0000 0.0000 0.0000 0.0000 0.0000 0.0000 0.0000 0.0000 0.0000 0.0000 0.0000 0.0000 0.0000 0.0000 0.0000 0.0000 0.0000 0.0000 0.0000 0.0000 0.0000 0.0000 0.0000 0.0000 0.0000 0.0000 0.0000 0.0000 0.0000 0.0000 0.0000 0.0000 0.0000 0.0000 0.0000 0.0000 0.0000 0.0000 0.0000 0.0000 0.0000 0.0000 0.0000 0.0000 0.0000 0.0000 0.0000 0.0000 0.0000 0.0000 0.0000 0.0000 0.0000 0.0000 0.0000 0.0000 0.0000 0.0000 0.0000 0.0000 0.0000 0.0000 0.0000
