tool_adapters/Deltares_HABITAT/example_maps/Tenryuu_river/standard_maps/waterdepth_egg_min.asc
ncols          735
nrows          17
xllcorner      -61262.8867
yllcorner      -118292.6406
cellsize       25
[rows 0 to 16 of 17, columns 568 to 638 of 735]
0.0000 0.0000 0.0000 0.0000 0.0000 0.0000 0.0000 0.0000 0.0000 0.0000 0.0000 0.0000 0.0000 0.0000 0.0000 0.0000 0.0000 0.0000 0.0000 0.0000 0.0000 0.0000 0.0000 0.0000 0.0000 0.0000 0.0000 0.0000 0.0000 0.0000 0.0000 0.0000 0.0000 0.0000 0.0000 0.0000 0.0000 0.0000 0.0000 0.0000 0.0000 0.0000 0.0000 0.0000 0.0000 0.0000 0.0000 0.0000 0.0000 0.0000 0.0000 0.0000 0.0000 0.0000 0.0000 0.0000 0.0000 0.0000 0.0000 0.0000 0.0000 0.0000 0.0000 0.0000 0.0000 0.0000 0.0000 0.0000 0.0000 0.0000 0.0000
0.1739 0.1773 0.1895 0.1553 0.0923 0.1600 0.2165 0.1536 0.1738 0.0000 0.2575 0.1882 0.0578 0.0000 0.0000 0.0000 0.0000 0.0000 0.0000 0.0000 0.0000 0.0000 0.0000 0.1621 0.1854 0.1608 0.1351 0.2092 0.1179 0.1791 0.1707 0.4345 0.1859 0.0917 0.1477 0.1448 0.0744 0.0000 0.1910 0.1736 0.0719 0.1610 0.2375 0.1763 0.1211 0.2005 0.1962 0.0966 0.2824 0.0351 0.4216 0.1316 0.1304 0.1302 0.1378 0.1319 0.1330 0.1267 0.1332 0.1228 0.1208 0.1954 0.1311 0.0333 0.0859 0.2981 0.1374 0.1402 0.1395 0.1396 0.1331
0.1947 0.2140 0.0868 0.0794 0.0739 0.1170 0.0250 0.0247 0.0344 0.0341 0.0354 0.0147 0.0089 0.0417 0.1106 0.1182 0.2010 0.2565 0.0552 0.1928 0.2313 0.3967 0.1722 0.1171 0.0273 0.1140 0.0928 0.1567 0.1303 0.1005 0.1055 0.1108 0.1164 0.1164 0.1195 0.1811 0.4739 0.0621 0.1930 0.1821 0.1785 0.1723 0.1549 0.1484 0.1422 0.1344 0.1342 0.1396 0.1289 0.1320 0.1250 0.1229 0.1297 0.1240 0.1244 0.1255 0.1179 0.0245 0.0203 0.0080 0.0362 0.0156 0.1019 0.0891 0.0740 0.0159 0.0164 0.0106 0.0119 0.0124 0.0125
0.0181 0.0372 0.0156 0.1703 0.0081 0.0156 0.0142 0.0099 0.0122 0.0092 0.0163 0.0710 0.0528 0.1313 0.0481 0.0156 0.0218 0.0289 0.1969 0.0338 0.1035 0.1068 0.0123 0.0383 0.1000 0.1837 0.1019 0.0095 0.0201 0.0091 0.0085 0.0084 0.0086 0.0110 0.0143 0.1021 0.1428 0.1820 0.1180 0.1368 0.1347 0.1378 0.1389 0.1359 0.1308 0.1275 0.1201 0.1237 0.1252 0.1179 0.1126 0.1040 0.0949 0.0218 0.0211 0.0220 0.0227 0.0211 0.0158 0.0161 0.0228 0.7871 0.0103 0.0095 0.0100 0.0101 0.0204 0.2562 0.3065 0.3601 0.4016
1.3742 1.8300 1.1878 0.9096 0.6780 0.7779 0.8860 1.0447 0.4672 0.1776 0.1306 0.0717 0.0914 0.1714 0.1525 0.1235 0.0451 0.0488 0.0452 0.0236 0.1414 0.0403 0.0194 0.0276 0.0180 0.0234 0.1321 0.0111 0.0184 0.0095 0.0119 0.0088 0.0192 0.0155 0.0170 0.0282 0.1176 0.1309 0.1282 0.1570 0.1495 0.1406 0.1394 0.2710 0.1152 0.0304 0.1864 0.0305 0.0711 0.0128 0.2133 0.0271 0.0235 0.0242 0.0238 0.0225 0.0236 0.0156 0.0221 0.0342 0.0469 0.4768 0.0116 0.0114 0.1876 0.3558 0.5078 0.6567 0.7807 0.8554 0.9258
2.2935 2.2333 2.1908 2.2839 2.5132 2.6579 2.4317 2.2595 1.9845 1.6869 1.4123 1.0617 0.6319 0.4171 0.2693 0.1949 0.2082 0.4045 0.5272 0.6141 0.7547 0.8368 0.8319 0.9051 0.8594 0.4071 0.1771 0.1559 0.0264 0.0596 0.0483 0.0705 0.0183 0.0309 0.0151 0.0233 0.0219 0.0234 0.0237 0.0206 0.0180 0.0534 0.1068 0.1049 0.0281 0.0147 0.0320 0.0112 0.0318 0.0316 0.0308 0.0304 0.0280 0.0264 0.0258 0.0217 0.0201 0.0182 0.0359 0.0375 0.0562 0.0224 0.8463 0.0111 0.0085 0.0126 0.0096 0.0083 0.0087 0.0089 0.0103
2.0662 2.0801 2.1024 2.0454 1.9610 2.0148 2.1779 2.4354 2.6783 2.7473 2.6354 2.3561 1.9390 1.5131 1.1734 0.9133 0.7549 0.7159 0.7656 0.8786 1.0132 1.1456 1.1980 1.1975 1.1734 1.2092 1.2104 0.9309 0.2173 0.0130 0.0979 0.0091 0.0499 0.0747 0.1245 0.2106 0.0093 0.0475 0.0158 0.0214 0.0166 0.0225 0.0256 0.0345 0.0362 0.0321 0.0188 0.0705 0.0522 0.0086 0.0241 0.0793 0.0582 0.0233 0.0229 0.0182 0.0079 0.0149 0.0161 0.0125 0.0267 0.0540 0.0214 0.1406 0.1299 0.1435 0.1149 0.0100 0.1705 0.1622 0.0335
1.1171 1.0538 0.8655 0.8324 0.8127 0.6383 0.5465 0.6199 0.8333 1.1550 1.4725 1.8022 2.0087 2.0729 2.0497 2.0175 1.9849 1.9477 1.8537 1.7415 1.5868 1.4203 1.3009 1.2578 1.3090 1.4229 1.6226 1.8106 1.5235 0.6345 0.3304 0.0273 0.0195 0.1056 0.0225 0.0248 0.0545 0.0524 0.0531 0.0239 0.0569 0.0240 0.0176 0.0605 0.0170 0.0235 0.0222 0.0144 0.0274 0.0091 0.0136 0.0308 0.0863 0.0977 0.0761 0.0851 0.0928 0.0234 0.0079 0.0191 0.0146 0.0540 0.0679 0.0889 0.0398 0.0561 0.3061 0.0388 0.0418 0.0342 0.0453
0.0205 0.0290 0.0297 0.0196 0.0119 0.0486 0.0076 0.0112 0.0209 0.1808 0.5772 1.0650 1.3677 1.4197 1.4184 1.3154 1.1600 1.0032 0.8394 0.5828 0.4274 0.3599 0.3209 0.2807 0.2537 0.2507 0.2996 0.4802 1.3490 1.5991 1.1705 0.5695 0.0695 0.0316 0.0308 0.0273 0.0900 0.0282 0.0256 0.1103 0.1910 0.1294 0.0548 0.0233 0.0172 0.0099 0.0126 0.0126 0.0162 0.0730 0.0672 0.0507 0.0974 0.0315 0.0971 0.0456 0.0368 0.0235 0.1126 0.0133 0.0116 0.0313 0.0778 0.2190 0.0244 0.1079 0.0249 0.3119 1.5971 2.0126 1.4547
0.0207 0.0149 0.0527 0.0219 0.0150 0.0421 0.0298 0.0283 0.0328 0.0138 0.0145 0.1575 0.2845 0.3570 0.3910 0.3768 0.2915 0.2192 0.1682 0.1428 0.1108 0.1166 0.1240 0.1708 0.2499 0.3154 0.3787 0.5153 0.7830 1.2853 1.7821 1.8753 1.4945 0.8461 0.3455 0.1298 0.1164 0.2492 0.7004 0.7877 0.9862 1.1697 1.2883 1.2379 1.1571 1.0399 0.9163 0.7875 0.6191 0.5550 0.6364 0.7962 0.9081 1.0167 1.0954 1.1779 1.2867 1.6244 1.0277 1.0817 0.1130 0.0210 0.1279 1.1869 1.9452 1.7643 1.6954 1.4337 1.8068 2.1174 1.7785
0.0320 0.0329 0.0429 0.0226 0.0137 0.0425 0.0538 0.1994 0.0398 0.0359 0.0261 0.0242 0.0259 0.0227 0.0260 0.0261 0.0086 0.0125 0.0287 0.0187 0.0080 0.0098 0.0148 0.0283 0.0539 0.0408 0.0178 0.0090 0.0761 0.3730 0.8221 0.7520 0.9217 1.0980 1.2286 1.3804 1.5751 1.8115 1.6677 1.7671 1.8138 1.7431 1.6455 1.5685 1.5706 1.5405 1.4924 1.4903 1.5628 1.6876 1.8154 1.8611 1.7397 1.6687 1.6715 1.6426 1.5983 1.5995 1.5759 1.8856 1.8514 1.4766 1.6471 2.3053 2.2052 1.8407 1.8194 0.6972 0.0482 0.0496 0.0443
0.0076 0.0076 0.0081 0.0284 0.0141 0.0664 0.0754 0.0720 0.0658 0.0666 0.0142 0.0285 0.0457 0.0338 0.0341 0.0401 0.0122 0.0137 0.0852 0.0996 0.1070 0.0496 0.0354 0.1161 0.0201 0.0398 0.0102 0.0200 0.0091 0.1984 0.7436 1.1337 1.4060 1.6177 1.8942 2.0916 2.0573 1.8147 1.5676 1.3086 1.0243 0.7856 0.6911 0.7320 0.8542 0.9952 1.1368 1.1850 1.2258 1.2600 1.1778 1.2978 1.5337 1.4538 1.1732 1.1423 1.1991 1.3044 1.4062 1.5005 1.4506 1.0300 0.7552 0.5086 0.1935 0.0563 0.0605 0.0450 0.0427 0.0499 0.0178
0.0279 0.0583 0.0859 0.0403 0.0079 0.0077 0.0077 0.0100 0.0123 0.0610 0.0772 0.0085 0.0131 0.0120 0.0221 0.0229 0.0167 0.0212 0.0177 0.0245 0.0345 0.0129 0.0383 0.0273 0.2359 0.1166 0.0078 0.0273 0.0380 0.5088 0.5000 0.0117 0.0244 0.0294 0.0774 0.0132 0.0681 0.0146 0.0679 0.0416 0.0391 0.1102 0.1372 0.1387 0.1569 0.2466 0.4687 0.6231 0.4674 0.3061 0.1244 0.0311 0.0101 0.0250 0.0451 0.0091 0.0183 0.2887 0.2684 0.1470 0.0095 0.0539 0.0145 0.0110 0.0320 0.1558 0.0208 0.0256 0.0219 0.1166 0.3523
0.0571 0.1168 0.1690 0.1474 0.0494 0.0144 0.0123 0.0196 0.0187 0.0254 0.0122 0.0179 0.0904 0.0284 0.0282 0.1691 0.0916 0.0115 0.0311 0.1323 0.0930 0.0112 0.0110 0.0373 0.6342 0.0144 0.0182 0.0337 0.0344 0.0159 0.0191 0.0163 0.0452 0.0290 0.0285 0.0298 0.0254 0.0384 0.0581 0.0267 0.0293 0.0173 0.0241 0.0215 0.0229 0.0151 0.0188 0.0608 0.0093 0.0666 0.0667 0.0655 0.0268 0.0144 0.0144 0.0130 0.0289 0.0805 0.0518 0.0826 0.0932 0.0365 0.0569 0.0666 0.1275 0.0484 0.0503 0.1457 0.1627 0.0414 0.5000
0.1082 0.0095 0.0079 0.0094 0.0178 0.0181 0.7862 0.4740 0.4439 0.6942 0.7402 0.0682 0.8435 0.7669 0.6914 0.6335 0.5722 0.5078 0.4405 0.3703 0.2970 0.2187 0.1360 0.1323 0.0164 0.0534 0.0401 0.0687 0.0582 0.0403 0.0339 0.0264 0.0189 0.0115 0.0089 0.0091 0.0091 0.0090 0.0089 0.0087 0.0085 1.6826 1.1067 0.0260 0.0235 0.0169 0.0106 0.0074 0.0226 0.0111 0.0221 0.0284 0.0134 0.0123 0.0080 0.0116 0.1644 0.1058 0.3236 0.4281 0.4229 0.4253 0.3694 0.3520 0.2445 0.0116 0.0286 0.0224 0.0235 0.3543 0.1170
0.0130 0.0132 0.0831 0.1625 0.1012 0.1480 0.1945 0.1976 0.2495 0.1229 0.2936 0.2014 0.1656 0.0000 0.0000 0.2121 0.0000 0.0000 0.0000 0.0000 0.0000 0.0000 0.0000 0.0000 0.0074 0.0043 0.0000 0.0000 0.0000 0.0000 0.0000 0.0000 0.0000 0.0000 0.0000 0.0000 0.0000 0.0994 0.4604 0.2572 0.3632 0.1005 0.3156 0.2178 0.2004 0.1856 0.1420 0.1318 0.1231 0.0149 0.0559 0.0122 0.1364 0.1452 0.1905 0.0888 0.1817 0.1156 0.1163 0.1165 0.0267 0.0580 0.0284 0.0176 0.0880 0.1065 0.1395 0.0169 0.1418 0.1496 0.1713
0.0000 0.0000 0.0000 0.0000 0.0000 0.0000 0.0000 0.0000 0.0000 0.0000 0.0000 0.0000 0.0000 0.0000 0.0000 0.0000 0.0000 0.0000 0.0000 0.0000 0.0000 0.0000 0.0000 0.0000 0.0000 0.0000 0.0000 0.0000 0.0000 0.0000 0.0000 0.0000 0.0000 0.0000 0.0000 0.0000 0.0000 0.0000 0.0000 0.0000 0.0000 0.0000 0.0000 0.0000 0.0000 0.0000 0.0000 0.0000 0.0000 0.0000 0.0000 0.0000 0.0000 0.0000 0.0000 0.0000 0.0000 0.0000 0.0000 0.0000 0.0000 0.0000 0.0000 0.0000 0.0000 0.0000 0.0000 0.0000 0.0000 0.0000 0.0000
