tool_adapters/Deltares_HABITAT/example_maps/Tenryuu_river/standard_maps/waterdepth_feeding_mean.asc
ncols          735
nrows          17
xllcorner      -61262.8867
yllcorner      -118292.6406
cellsize       25
[rows 0 to 16 of 17, columns 426 to 496 of 735]
0.0000 0.0000 0.0000 0.0000 0.0000 0.0000 0.0000 0.0000 0.0000 0.0000 0.0000 0.0000 0.0000 0.0000 0.0000 0.0000 0.0000 0.0000 0.0000 0.0000 0.0000 0.0000 0.0000 0.0000 0.0000 0.0000 0.0000 0.0000 0.0000 0.0000 0.0000 0.0000 0.0000 0.0000 0.0000 0.0000 0.0000 0.0000 0.0000 0.0000 0.0000 0.0000 0.0000 0.0000 0.0000 0.0000 0.0000 0.0000 0.0000 0.0000 0.0000 0.0000 0.0000 0.0000 0.0000 0.0000 0.0000 0.0000 0.0000 0.0000 0.0000 0.0000 0.0000 0.0000 0.0000 0.0000 0.0000 0.0000 0.0000 0.0000 0.0000
0.3451 0.0084 0.0608 0.0610 0.2681 0.5401 0.5412 0.7872 1.7101 2.2575 2.2190 1.7491 2.1128 1.9395 1.4794 1.6451 1.6749 1.4932 1.7059 1.6590 1.4084 1.7245 1.6471 1.5216 1.6927 1.9108 1.8883 2.1808 2.4642 2.5411 3.1585 3.6605 4.3445 5.0338 5.5047 5.8564 6.3417 6.6158 6.8774 7.1922 7.2616 7.5187 7.8221 6.8039 7.0177 7.8300 8.3276 3.3474 4.8859 6.6965 7.8750 7.5965 7.2969 6.7669 5.9471 2.5228 3.8245 5.4354 5.0470 4.7688 4.8430 5.0892 6.5904 6.2643 6.0678 5.2386 4.4408 4.6403 4.5189 4.7653 5.5406
2.8154 2.9046 3.2072 2.9246 3.2960 3.5845 3.6706 3.6317 3.4322 3.2872 2.9972 2.8459 2.6791 2.5330 2.4444 2.3892 2.3844 2.3709 2.3501 2.2823 2.2654 2.2552 2.2579 2.3487 2.3419 2.4242 2.4857 2.5560 2.8303 3.1135 3.4396 4.6436 5.4453 6.0456 6.5521 6.9205 7.2495 7.4445 7.5254 7.3969 7.1159 6.8872 6.6324 6.7825 7.1458 8.0297 9.0571 9.6787 9.5068 9.6521 9.7313 9.8796 10.2401 10.6551 11.0017 11.4298 11.0181 10.8843 10.8015 10.6827 10.5281 10.3521 10.2159 10.1418 10.1780 10.2129 10.2215 9.9717 9.8066 9.5913 9.2806
4.6813 4.3915 3.9237 3.7952 3.6147 3.4115 3.1272 2.9485 2.7860 2.7062 2.6660 2.6462 2.6298 2.6194 2.5960 2.5715 2.5616 2.5655 2.5894 2.6328 2.5778 2.5844 2.5946 2.7855 2.8771 2.9454 2.9802 2.9971 3.2089 3.3402 3.5137 4.3782 5.4787 5.7711 5.9379 6.0362 6.0225 5.8990 5.6327 5.5663 5.6540 5.8537 6.2404 6.6584 7.2592 7.9250 8.6532 9.3761 9.7975 10.0062 10.0734 10.0900 10.1149 10.2200 10.4180 10.5925 10.6655 10.6859 10.6230 10.5455 10.4429 10.3249 10.2107 10.1256 10.1139 10.1823 10.2480 10.2401 10.1401 10.0014 9.8369
5.0703 4.7749 4.4215 4.0961 3.8168 3.5805 3.4181 3.1963 3.0632 2.8980 2.7899 2.7031 2.6526 2.5807 2.5499 2.5284 2.5230 2.5414 2.5627 2.5863 2.7717 2.8281 3.0098 3.2645 3.3659 3.4322 3.4759 3.5376 3.5967 3.7015 3.8136 4.1065 5.1855 5.6651 5.5904 5.3622 5.1985 5.3170 5.5155 5.8799 6.2826 6.8303 7.3318 7.9593 8.6069 9.1438 9.6063 9.9089 10.0309 10.0276 9.9564 9.8815 9.8341 9.8515 9.9101 9.9631 9.9893 9.9947 9.9809 9.9439 9.8913 9.8286 9.7648 9.7139 9.6835 9.6811 9.7114 9.7562 9.7729 9.7480 9.6595
5.8009 5.5597 5.2817 4.8841 4.4169 4.1145 3.8445 3.6297 3.4763 3.3111 3.0585 2.8941 2.7830 2.6945 2.6386 2.5986 2.5772 2.5708 2.5945 2.6391 2.8152 3.1061 3.3028 3.5113 3.5806 3.6290 3.6878 3.7544 3.7949 3.8531 3.9008 3.8774 4.0568 4.6422 5.0944 5.2639 5.6379 6.0725 6.7292 7.2840 7.8619 8.2674 8.8000 9.3207 9.6776 9.9363 9.9820 9.8637 9.7069 9.5957 9.5456 9.5577 9.6226 9.6164 9.5756 9.5360 9.4526 9.3368 9.2323 9.1647 9.1240 9.1012 9.0933 9.0947 9.1067 9.1276 9.1504 9.1804 9.2122 9.2429 9.2309
6.2046 6.0650 5.8356 5.6556 5.4021 4.9047 4.4582 4.2034 3.9763 3.7238 3.5793 3.4488 3.2055 3.0252 2.9062 2.8283 2.7634 2.7302 2.7141 2.7406 2.8876 3.3558 3.6501 3.7509 3.7976 3.8211 3.8388 3.8393 3.8424 3.9253 4.1691 4.3806 4.4888 5.0027 5.9678 6.5143 7.1255 7.8836 8.5013 8.9643 9.0511 9.4154 9.8014 9.8550 9.8217 9.5400 9.2035 9.0168 8.8835 8.8604 8.9172 8.9922 9.1408 9.1917 9.1576 8.9264 8.6994 8.5335 8.4094 8.3235 8.2796 8.2689 8.2832 8.3187 8.3730 8.4374 8.5062 8.5711 8.6353 8.7089 8.7875
6.5058 6.4507 6.3584 6.1804 5.9952 5.7980 5.4751 4.9419 4.5054 4.2880 4.0857 3.8840 3.7530 3.6299 3.5456 3.3666 3.2199 3.0649 3.0148 2.9936 3.0014 3.3275 3.7765 3.9129 3.9125 4.0079 4.0644 4.1936 4.4321 4.5177 4.8373 5.7414 6.5036 7.2193 7.9966 8.6303 9.1260 9.3784 9.4302 9.4393 9.8040 9.9986 9.7466 9.7807 9.6511 9.3730 9.0737 8.8497 8.6970 8.7806 8.7627 8.7522 8.4503 8.1868 7.9666 7.8124 7.6809 7.5642 7.4817 7.4410 7.4292 7.4417 7.4787 7.5390 7.6222 7.7224 7.8373 7.9496 8.0530 8.1533 8.2741
6.6319 6.5874 6.5436 6.4860 6.3951 6.2151 5.9803 5.7614 5.4635 4.9707 4.6093 4.4087 4.2968 4.1812 4.1388 4.0952 3.7520 3.5956 3.7717 3.6647 3.7124 3.9036 4.0327 4.3461 4.4452 4.5338 4.7292 4.9728 5.4480 6.1800 7.0474 7.9116 8.6974 9.2897 9.5701 9.6539 9.6116 9.5228 9.4420 9.3858 10.1912 9.9593 9.4398 9.5060 9.4401 9.3364 9.2291 9.0965 8.8063 8.3853 8.0626 7.7299 7.4795 7.2177 6.9938 6.8208 6.7147 6.6585 6.6368 6.6401 6.6686 6.7195 6.7885 6.8753 6.9827 7.1052 7.2505 7.4052 7.5646 7.7155 7.8731
6.4816 6.4332 6.3985 6.3496 6.2932 6.2293 6.1311 5.9969 5.8147 5.6028 5.3767 5.1389 4.9015 4.7686 4.6861 4.5717 4.4106 4.5312 4.6967 4.7205 4.6237 4.6715 5.0038 5.2633 5.5061 5.7563 6.0899 6.6341 7.4276 8.3593 9.2492 9.9804 10.4851 10.7434 10.7875 10.6881 10.5229 10.3220 10.1285 9.9770 9.8002 9.7754 9.6944 9.4600 9.2385 8.9770 8.6561 8.2751 7.8997 7.5568 7.1382 6.8017 6.5053 6.2917 6.1267 6.0279 5.9818 5.9657 5.9744 6.0094 6.0620 6.1331 6.2230 6.3275 6.4505 6.5902 6.7540 6.9471 7.1736 7.4064 7.6187
6.3904 6.3277 6.2836 6.2248 6.1726 6.1388 6.1102 6.0862 6.0531 6.0142 5.9606 5.8833 5.7740 5.6725 5.6197 5.6044 5.9950 6.4367 6.8560 6.8142 6.6125 6.5697 6.6150 6.7159 6.9204 7.2869 7.8962 8.7199 9.6099 10.4016 10.9451 11.1591 11.1137 10.9239 10.6941 10.4604 10.2051 9.9832 9.8033 9.6337 9.5480 9.1907 8.9726 8.7596 8.5083 8.1586 7.6079 7.0955 6.6710 6.2987 6.0478 5.8074 5.6251 5.5037 5.4370 5.3979 5.3919 5.4028 5.4264 5.4735 5.5379 5.6172 5.7100 5.8179 5.9423 6.0784 6.2368 6.4159 6.6442 6.9390 7.3088
6.5095 6.4629 6.4485 6.4490 6.4774 6.4799 6.5143 6.6161 6.6527 6.7508 6.8661 6.8786 6.9094 6.9377 6.9415 6.9899 7.7757 8.2777 8.3916 8.2354 7.9960 7.8412 7.8119 7.9592 8.3506 9.0124 9.8633 10.7074 11.3546 11.7619 11.8339 11.6003 11.2265 10.7552 10.3267 9.9605 9.6722 9.4362 9.2231 9.0098 8.7868 8.6128 8.3400 7.8040 7.1180 6.4357 5.9414 5.5489 5.2722 5.0797 4.9273 4.8701 4.8169 4.7621 4.7168 4.6982 4.7056 4.7235 4.7616 4.8116 4.8776 4.9552 5.0441 5.1347 5.2360 5.3574 5.4804 5.6161 5.7665 5.9602 6.2512
6.8445 6.9902 7.1324 7.3247 7.5453 7.7384 7.9988 8.2385 8.4194 8.6260 8.8021 8.9202 9.0365 9.1095 9.1415 9.4567 9.4735 9.4051 9.2498 9.0475 8.8297 8.7653 8.9107 9.3211 10.0655 10.9553 11.7002 12.1634 12.2762 12.1833 11.7100 11.1114 10.5444 10.0505 9.6515 9.3114 9.0297 8.7779 8.4833 8.2093 7.8705 7.4708 6.9736 6.2140 5.1354 4.4856 4.1947 4.1568 4.1126 4.0502 3.9816 3.8884 3.8451 3.8619 3.8933 3.9413 3.9808 4.0200 4.0725 4.1330 4.2057 4.2745 4.3385 4.4028 4.5135 4.6183 4.7004 4.8231 4.9295 5.0432 5.1856
6.9757 7.2191 7.5299 7.9470 8.3911 8.7728 9.2313 9.6430 9.9679 10.3232 10.5474 10.6624 10.7293 10.6825 10.5781 10.9071 10.5769 10.2896 10.0310 9.8273 9.8501 10.0939 10.5659 11.2960 12.1349 12.6319 12.5829 12.2731 11.8764 11.4328 11.0787 10.1945 9.4878 9.3251 9.3595 9.0080 8.5709 7.8228 7.3725 7.0777 6.5328 5.8160 4.4142 3.2284 3.1596 3.0824 2.9362 2.8209 2.6526 2.4612 2.5660 2.6174 2.7697 2.7926 2.9103 2.8809 2.9001 2.9661 3.0341 3.1173 3.2204 3.3537 3.4377 3.5834 3.7563 3.9770 4.1501 4.3807 4.4935 4.5089 4.6974
6.5508 6.9234 7.2090 7.3465 7.6196 7.8198 7.7891 8.2197 8.2594 7.9170 8.1968 8.1731 7.8620 7.8605 7.9835 8.7642 9.7749 10.5675 11.0125 11.5339 11.7213 11.8106 12.1257 12.4954 12.2498 11.1532 10.6758 9.1556 6.6597 7.4417 2.3689 2.8362 5.3485 4.0671 1.8139 1.7954 1.7873 4.5297 3.9272 1.8662 1.9282 1.8325 1.4080 1.4135 1.1123 0.8907 0.7854 0.7460 0.7574 0.7258 0.6985 0.6495 0.7129 0.7650 0.9737 1.1666 1.2154 1.2691 1.3890 1.6436 1.9903 2.4589 2.7194 2.5818 2.5532 2.6301 2.6190 2.4248 2.2977 2.0638 2.2428
4.7956 4.2648 4.2223 4.2743 3.6018 3.5456 3.6466 3.4214 3.3447 3.3981 3.3657 3.4332 3.6965 4.0220 4.3266 5.7795 6.8099 7.8416 10.2065 11.1172 11.8864 12.6010 11.1914 10.6605 6.6432 4.0477 2.8509 2.0032 0.0903 0.0000 0.0000 0.0000 0.0000 0.0148 0.0719 0.1561 0.1395 0.4570 0.3582 0.4143 0.1707 0.0562 0.0286 0.0255 0.0384 0.0948 0.0533 0.0462 0.0702 0.0304 0.0249 0.0403 0.0230 0.0247 0.0379 0.0467 0.0500 0.0532 0.1137 0.1986 0.6334 1.0588 1.4261 1.2501 0.9644 0.5975 0.0572 0.0000 0.2015 0.0000 0.0000
0.0000 0.0000 0.0000 0.0000 0.0000 0.0000 0.0000 0.0000 0.0000 0.0000 0.0000 0.0000 0.0000 0.0000 0.0000 0.0000 0.0000 0.0000 0.0000 0.0000 0.0000 0.0000 0.0000 0.0000 0.0000 0.0000 0.0000 0.0000 0.0000 0.0000 0.0000 0.0000 0.0000 0.0000 0.0000 0.0000 0.0000 0.0000 0.0000 0.0000 0.0000 0.0000 0.0000 0.0000 0.0000 0.0000 0.0000 0.0000 0.0000 0.0000 0.0000 0.0000 0.0000 0.0000 0.0000 0.0000 0.0000 0.0000 0.0000 0.0000 0.0000 0.0000 0.0000 0.0000 0.0000 0.0000 0.0000 0.0000 0.0000 0.0000 0.0000
