tool_adapters/Deltares_HABITAT/example_maps/Tenryuu_river/standard_maps/waterdepth_feeding_mean.asc
ncols          735
nrows          17
xllcorner      -61262.8867
yllcorner      -118292.6406
cellsize       25
[rows 0 to 16 of 17, columns 142 to 212 of 735]
0.0000 0.0000 0.0000 0.0000 0.0000 0.0000 0.0000 0.0000 0.0000 0.0000 0.0000 0.0000 0.0000 0.0000 0.0000 0.0000 0.0000 0.0000 0.0000 0.0000 0.0000 0.0000 0.0000 0.0000 0.0000 0.0000 0.0000 0.0000 0.0000 0.0000 0.0000 0.0000 0.0000 0.0000 0.0000 0.0000 0.0000 0.0000 0.0000 0.0000 0.0000 0.0000 0.0000 0.0000 0.0000 0.0000 0.0000 0.0000 0.0000 0.0000 0.0000 0.0000 0.0000 0.0000 0.0000 0.0000 0.0000 0.0000 0.0000 0.0000 0.0000 0.0000 0.0000 0.0000 0.0000 0.0000 0.0000 0.0000 0.0000 0.0000 0.0000
0.7552 1.0976 1.2478 1.3785 1.7209 1.6812 1.8367 2.4001 2.1865 2.1981 2.5322 2.0679 2.0673 2.1692 2.2352 1.9407 2.2595 2.6369 2.8033 2.9211 2.9627 3.3362 3.4138 3.8786 2.7061 3.8726 3.8934 2.5714 2.4850 3.7753 3.2695 1.3487 2.7098 1.1952 1.9926 0.6762 0.8978 2.0333 3.2696 3.6015 3.2331 3.5258 3.7928 4.0168 4.0130 3.0543 3.4408 4.5150 4.2287 3.6990 3.9165 4.1379 3.9463 3.6528 3.7765 3.6418 3.4014 3.1956 3.0352 2.9199 2.8517 2.8423 2.9010 3.0477 3.2502 3.4506 3.6082 3.6598 3.5044 2.9322 1.5180
1.8724 1.9549 2.1153 2.1871 2.3166 2.4732 2.6665 2.8049 3.0010 3.0547 2.9105 2.7125 2.5270 2.4272 2.3758 2.3866 2.3335 2.2899 2.2573 2.2389 2.2810 2.3125 2.5715 3.1967 4.0002 3.7937 4.0583 4.4314 4.4220 4.4891 5.0772 5.7193 5.4160 5.5403 5.2052 5.1982 4.6593 4.3217 4.1399 4.0240 4.0390 4.0952 4.1356 4.1446 4.1755 4.2737 3.8980 3.7262 3.6707 3.7056 3.6243 3.5857 3.6215 3.6301 3.4271 3.3194 3.2173 3.0905 2.9518 2.8144 2.6877 2.5813 2.5017 2.4704 2.5100 2.6221 2.8075 3.0817 3.4903 3.8986 4.4232
2.0881 2.1059 2.0913 2.0554 1.9895 1.9402 1.8866 1.8578 1.8230 1.8191 1.8366 1.8412 1.8258 1.7062 1.7128 1.6732 1.6521 1.6503 1.6870 1.7376 1.8166 1.9746 2.1611 2.4413 2.8790 3.2574 3.4920 3.7499 3.9544 4.1259 4.4508 4.8625 5.2511 5.3640 5.4069 5.2836 5.1538 4.9544 4.7294 4.5455 4.4248 4.3424 4.2571 4.1712 4.1124 4.0101 3.9306 3.7435 3.5760 3.4706 3.4093 3.3447 3.2875 3.2306 3.1939 3.0959 2.9948 2.9040 2.8167 2.7318 2.6529 2.5840 2.5327 2.5081 2.4913 2.4984 2.5457 2.6450 2.8412 3.2355 3.5900
1.1142 0.9740 0.8721 0.7982 0.7571 0.7348 0.7302 0.7378 0.7616 0.8067 0.8617 0.9437 1.0672 1.1693 1.2783 1.3578 1.4727 1.5936 1.7137 1.8227 2.0070 2.2650 2.5360 2.8511 3.1345 3.3850 3.6348 3.8153 3.9219 3.9907 4.0720 4.2206 4.4119 4.6505 4.8153 4.9069 4.8929 4.8162 4.7092 4.5928 4.4832 4.3836 4.2971 4.2220 4.1397 4.0551 3.9215 3.7892 3.6566 3.5210 3.3920 3.2852 3.1903 3.1076 3.0229 2.9612 2.8985 2.8354 2.7788 2.7269 2.6847 2.6459 2.6161 2.5989 2.5957 2.6068 2.6281 2.6723 2.7424 2.8441 3.0206
0.5551 0.5250 0.5282 0.5373 0.5538 0.5769 0.6085 0.6532 0.7105 0.7934 0.9024 1.0216 1.1663 1.3223 1.4649 1.6495 1.8528 2.0604 2.2821 2.5377 2.8229 3.1063 3.3602 3.6050 3.8350 4.0077 4.0919 4.0863 4.0489 4.0305 4.0425 4.0612 4.0843 4.1164 4.1781 4.2425 4.3008 4.3377 4.3481 4.3341 4.3036 4.2606 4.2067 4.1456 4.0848 4.0123 3.9345 3.8284 3.7066 3.5780 3.4441 3.3033 3.1734 3.0582 2.9631 2.8765 2.8067 2.7519 2.7073 2.6754 2.6576 2.6458 2.6422 2.6455 2.6560 2.6772 2.7101 2.7535 2.8115 2.8801 2.9372
0.5035 0.5349 0.5658 0.6020 0.6404 0.6973 0.7763 0.8956 1.0445 1.1858 1.3340 1.5022 1.7183 1.9576 2.2192 2.4736 2.7427 3.0271 3.3079 3.5845 3.8256 4.0037 4.1500 4.2662 4.3087 4.2499 4.1251 3.9852 3.8494 3.7551 3.7064 3.6858 3.6733 3.6608 3.6449 3.6396 3.6427 3.6560 3.6806 3.7163 3.7550 3.7882 3.8094 3.8183 3.8116 3.7944 3.7594 3.7114 3.6397 3.5455 3.4317 3.3071 3.1732 3.0436 2.9230 2.8193 2.7342 2.6673 2.6204 2.5851 2.5654 2.5611 2.5719 2.5943 2.6259 2.6624 2.7003 2.7403 2.7822 2.8288 2.8783
0.7185 0.7890 0.8598 0.9555 1.0637 1.1773 1.3208 1.4914 1.6741 1.8947 2.1557 2.4442 2.7126 2.9964 3.2916 3.5897 3.8843 4.1554 4.3829 4.5214 4.5597 4.5120 4.4214 4.3139 4.1737 3.9739 3.7589 3.5626 3.4213 3.3180 3.2450 3.1970 3.1659 3.1441 3.1256 3.1050 3.0878 3.0708 3.0592 3.0592 3.0782 3.1144 3.1661 3.2224 3.2746 3.3155 3.3465 3.3626 3.3630 3.3435 3.3027 3.2379 3.1537 3.0548 2.9458 2.8400 2.7447 2.6634 2.5921 2.5428 2.5085 2.4910 2.4899 2.5011 2.5250 2.5575 2.5980 2.6417 2.6842 2.7177 2.7436
1.2457 1.3618 1.4921 1.6406 1.8267 2.0512 2.2830 2.5180 2.7577 3.0244 3.3170 3.6038 3.9043 4.2023 4.4795 4.7204 4.8905 4.9658 4.9486 4.8168 4.5857 4.3488 4.1870 3.9555 3.7151 3.4458 3.2066 3.0200 2.8753 2.7713 2.7037 2.6597 2.6306 2.6096 2.5938 2.5820 2.5700 2.5660 2.5626 2.5477 2.5326 2.5253 2.5389 2.5774 2.6402 2.7172 2.7957 2.8707 2.9358 2.9907 3.0303 3.0457 3.0269 2.9799 2.9151 2.8355 2.7525 2.6667 2.6002 2.5381 2.4883 2.4556 2.4342 2.4262 2.4262 2.4411 2.4691 2.5067 2.5523 2.5895 2.6223
2.2510 2.4558 2.6628 2.8676 3.0622 3.2520 3.4520 3.6750 3.9592 4.2788 4.5571 4.8143 5.0596 5.2431 5.3592 5.3692 5.2476 5.0592 4.8049 4.5254 4.2939 4.0406 3.7512 3.3790 3.0416 2.8018 2.5988 2.4335 2.3100 2.2243 2.1672 2.1339 2.1154 2.1031 2.0930 2.0826 2.0701 2.0627 2.0564 2.0577 2.0622 2.0694 2.0811 2.1065 2.1476 2.2061 2.2824 2.3676 2.4567 2.5366 2.6031 2.6560 2.6933 2.7078 2.6954 2.6630 2.6228 2.5829 2.5381 2.4994 2.4620 2.4250 2.3940 2.3742 2.3681 2.3778 2.3987 2.4321 2.4727 2.5191 2.5674
3.6310 3.8074 3.9671 4.1077 4.2648 4.4464 4.6947 5.0309 5.2565 5.3757 5.4939 5.6792 5.7225 5.6547 5.5083 5.2810 4.9200 4.6053 4.3032 3.9727 3.7242 3.4081 2.9867 2.6813 2.4258 2.2083 2.0397 1.9084 1.8136 1.7488 1.7138 1.6962 1.6831 1.6814 1.6718 1.6562 1.6397 1.6276 1.6193 1.6268 1.6473 1.6743 1.7034 1.7317 1.7662 1.8137 1.8745 1.9477 2.0250 2.1003 2.1714 2.2348 2.2867 2.3299 2.3601 2.3600 2.3530 2.3350 2.3177 2.3113 2.2922 2.3007 2.2907 2.2878 2.2922 2.3118 2.3433 2.3864 2.4455 2.5230 2.6151
5.0082 5.1053 5.1862 5.3422 5.5269 5.7612 6.0190 6.2652 6.4045 6.3137 6.0797 5.8499 5.6200 5.3495 5.0329 4.6451 4.2837 3.9651 3.6690 3.3322 2.9768 2.5808 2.2956 2.0720 1.8944 1.7468 1.6298 1.5461 1.4881 1.4588 1.4366 1.4147 1.3912 1.3566 1.3431 1.3447 1.3583 1.3740 1.3908 1.4019 1.4196 1.4412 1.4663 1.4915 1.5147 1.5349 1.5688 1.6196 1.6837 1.7530 1.8146 1.8656 1.9131 1.9567 1.9874 2.0130 2.0115 1.9894 1.9973 1.9940 2.0237 2.0479 2.0929 2.1551 2.2210 2.2934 2.3848 2.4848 2.5987 2.7218 2.8493
6.1430 6.1668 6.2650 6.4057 6.5779 6.7696 6.9387 7.0058 6.8543 6.5012 6.0269 5.5259 5.0829 4.6688 4.2662 3.9068 3.5761 3.2580 2.8981 2.5441 2.2142 1.9583 1.7375 1.5552 1.4480 1.3927 1.3785 1.3648 1.3191 1.2754 1.2508 1.2352 1.2255 1.2233 1.2204 1.2214 1.2189 1.2170 1.2467 1.2554 1.2694 1.2716 1.2809 1.2893 1.3037 1.3265 1.3482 1.3812 1.4333 1.5075 1.5775 1.6410 1.6950 1.7391 1.7877 1.8153 1.8507 1.8560 1.8696 1.9443 1.9738 2.0690 2.1952 2.3577 2.5113 2.6524 2.7523 2.8525 2.9497 3.0257 3.0633
7.1617 7.2025 7.1074 7.0678 7.1123 7.1000 7.0753 6.8380 6.3847 5.8758 5.3524 4.8416 4.3734 3.9152 3.5040 3.1559 2.7827 2.3892 2.0709 1.7416 1.5205 1.4174 1.3736 1.3275 1.2724 1.2342 1.1886 1.1672 1.1512 1.1354 1.1262 1.1270 1.1185 1.1154 1.1186 1.1169 1.1199 1.1221 1.1237 1.1255 1.1332 1.1382 1.1411 1.1470 1.1556 1.1812 1.2022 1.2496 1.3138 1.3962 1.4809 1.5639 1.6380 1.7125 1.7760 1.8502 1.9077 1.9955 2.0758 2.1386 2.3283 2.5115 2.6774 2.7674 2.8576 2.8769 2.9089 2.9025 2.8326 2.7304 2.6580
7.9036 7.1211 7.0989 7.2958 6.9751 7.1860 6.8055 6.2221 5.5733 5.0435 4.5783 4.0420 3.5303 3.0754 2.6589 2.2235 1.8767 1.6261 1.4612 1.3571 1.2856 1.2202 1.2003 1.2136 1.1934 1.1592 1.1234 1.0783 1.0369 1.0041 0.9906 0.9857 0.9714 0.9685 0.9667 0.9625 0.9544 0.9423 0.9381 0.9397 0.9416 0.9500 0.9699 0.9974 1.0385 1.0818 1.1215 1.1952 1.2932 1.4149 1.5436 1.6472 1.7446 1.8196 1.9006 1.9637 2.0456 2.1244 2.2203 2.3675 2.3730 2.3558 2.2343 2.1275 2.0887 2.2221 1.9747 1.8201 1.7368 1.6971 1.8342
3.2730 3.3350 2.1353 0.5018 4.6571 0.0708 0.3592 6.8269 4.3919 4.0884 3.8825 3.5643 3.0154 2.3424 1.9708 1.7978 1.5779 1.4697 1.3845 1.3181 1.2665 1.2197 1.1511 1.1014 1.0479 0.9654 0.8797 0.7922 0.7308 0.6913 0.6856 0.6747 0.6798 0.7141 0.7389 0.6871 0.6828 0.6869 0.7175 0.7136 0.7667 0.8161 0.9102 0.9415 1.0180 1.0913 1.1564 1.2312 1.3297 1.4254 1.5001 1.5629 1.6213 1.6826 1.7453 1.8292 1.8809 1.8689 1.8383 1.7083 1.5396 1.1868 0.9386 0.7826 0.6362 0.3959 0.4453 0.4970 0.5382 0.4665 0.2764
0.0000 0.0000 0.0000 0.0000 0.0000 0.0000 0.0000 0.0000 0.0000 0.0000 0.0000 0.0000 0.0000 0.0000 0.0000 0.0000 0.0000 0.0000 0.0000 0.0000 0.0000 0.0000 0.0000 0.0000 0.0000 0.0000 0.0000 0.0000 0.0000 0.0000 0.0000 0.0000 0.0000 0.0000 0.0000 0.0000 0.0000 0.0000 0.0000 0.0000 0.0000 0.0000 0.0000 0.0000 0.0000 0.0000 0.0000 0.0000 0.0000 0.0000 0.0000 0.0000 0.0000 0.0000 0.0000 0.0000 0.0000 0.0000 0.0000 0.0000 0.0000 0.0000 0.0000 0.0000 0.0000 0.0000 0.0000 0.0000 0.0000 0.0000 0.0000
