tool_adapters/Deltares_HABITAT/example_maps/Tenryuu_river/standard_maps/waterdepth_descending_mean.asc
ncols          735
nrows          17
xllcorner      -61262.8867
yllcorner      -118292.6406
cellsize       25
[rows 0 to 16 of 17, columns 426 to 496 of 735]
0.0000 0.0000 0.0000 0.0000 0.0000 0.0000 0.0000 0.0000 0.0000 0.0000 0.0000 0.0000 0.0000 0.0000 0.0000 0.0000 0.0000 0.0000 0.0000 0.0000 0.0000 0.0000 0.0000 0.0000 0.0000 0.0000 0.0000 0.0000 0.0000 0.0000 0.0000 0.0000 0.0000 0.0000 0.0000 0.0000 0.0000 0.0000 0.0000 0.0000 0.0000 0.0000 0.0000 0.0000 0.0000 0.0000 0.0000 0.0000 0.0000 0.0000 0.0000 0.0000 0.0000 0.0000 0.0000 0.0000 0.0000 0.0000 0.0000 0.0000 0.0000 0.0000 0.0000 0.0000 0.0000 0.0000 0.0000 0.0000 0.0000 0.0000 0.0000
1.6174 0.0111 0.5780 0.5782 1.3929 2.1673 2.1717 2.7905 4.7055 5.6039 5.5730 4.7709 5.3719 5.1065 4.2844 4.6161 4.5399 3.9671 4.4304 4.3139 3.9319 4.3563 4.3431 4.2908 4.6730 5.0427 4.9974 5.5423 5.9817 6.1280 7.1549 7.7576 8.4722 9.1809 9.6333 9.9715 10.4550 10.7278 10.9892 11.3078 11.3933 11.6816 12.0449 11.0203 11.2008 11.9104 12.3838 7.4260 9.0278 10.8531 11.8613 11.3440 11.0855 10.5847 8.4792 6.2279 8.0322 9.6336 9.2298 8.9543 9.0288 9.2757 10.7239 10.3768 10.1994 9.4075 8.6623 8.8778 8.7768 9.0354 9.8007
6.4379 6.5211 6.8053 6.5212 6.8632 7.0903 7.1863 7.2365 7.1090 7.0626 6.8713 6.7461 6.5867 6.3212 6.1952 6.1752 6.2132 6.2159 6.1984 5.9158 5.8438 5.7404 5.7378 6.0324 5.9877 6.2142 6.4096 6.5173 7.0207 7.6207 7.9784 8.9504 9.5651 10.1698 10.6852 11.0618 11.4034 11.6142 11.7348 11.7445 11.7175 11.6844 11.7583 12.1127 12.6389 13.4009 14.3352 14.9328 14.5231 14.4522 14.2862 14.2169 14.2845 14.4670 14.4741 14.7421 14.3565 14.2417 14.0381 13.7872 13.5472 13.3339 13.1601 13.0343 13.0607 13.0911 13.0600 13.0677 13.0788 13.0059 12.7353
7.4275 7.2663 7.1138 7.0794 6.8614 6.7139 6.4923 6.3248 6.2407 6.2483 6.3039 6.3729 6.4437 6.5679 6.6320 6.6713 6.7144 6.7612 6.8572 6.9851 6.7628 6.7390 6.6934 7.2510 7.5087 7.5723 7.6252 7.5333 8.1955 8.4631 8.9163 9.3591 9.6901 9.9522 10.1263 10.2358 10.2570 10.2390 10.1386 10.1475 10.2937 10.6576 11.1357 11.6130 12.1839 12.8015 13.4963 14.1153 14.4386 14.5504 14.5371 14.5039 14.5538 14.6628 14.6839 14.5726 14.4129 14.2428 14.0962 13.9624 13.8077 13.6391 13.4834 13.3645 13.3116 13.3560 13.3830 13.3288 13.2385 13.1483 13.0734
7.9144 7.5962 7.2479 6.9902 6.8291 6.6794 6.5796 6.4148 6.3452 6.2979 6.2524 6.2193 6.2173 6.2512 6.3072 6.3631 6.4305 6.5507 6.6678 6.7192 7.4325 7.5291 8.1917 8.9458 9.2471 9.3872 9.4129 9.4414 9.5244 9.6943 9.8834 10.0090 10.0195 9.9634 9.8948 9.7459 9.7552 9.8287 10.0992 10.5120 10.9846 11.4975 11.9338 12.4453 12.9798 13.4199 13.7888 14.0519 14.1465 14.1274 14.0557 13.9827 13.9374 13.9561 13.9965 13.9859 13.9259 13.8412 13.7501 13.6614 13.5717 13.4747 13.3748 13.2947 13.2421 13.2120 13.2179 13.2287 13.2181 13.1803 13.1237
8.4893 8.1339 7.9424 7.6011 7.2805 7.1176 6.9938 6.8684 6.6330 6.5203 6.4043 6.2916 6.2293 6.2002 6.1936 6.2159 6.2639 6.3329 6.4771 6.6746 7.3491 8.3996 9.0557 9.6472 9.8344 9.9294 10.0136 10.1183 10.2040 10.2216 10.1705 10.0554 9.9605 9.8405 9.8381 10.0113 10.3260 10.7598 11.2574 11.7603 12.2588 12.6077 12.9947 13.4126 13.7051 13.9217 13.9968 13.8972 13.7525 13.6040 13.4736 13.3715 13.2975 13.2328 13.1758 13.1334 13.0976 13.0649 13.0368 13.0165 12.9993 12.9815 12.9620 12.9357 12.9092 12.8838 12.8514 12.8262 12.8090 12.7953 12.7726
9.6496 9.2433 8.5349 8.1842 7.9445 7.7090 7.4428 7.3285 7.2351 7.0499 6.9294 6.8513 6.7685 6.6516 6.5203 6.4433 6.3949 6.3754 6.4025 6.5307 7.1088 8.8754 9.8529 10.0358 10.0833 10.0319 9.9214 9.8981 9.8737 9.8538 9.8437 9.8504 9.9763 10.2364 10.6182 11.0536 11.5500 12.0692 12.6001 13.0072 13.1485 13.4308 13.7421 13.8273 13.8309 13.6061 13.2707 13.0766 12.9313 12.8929 12.9223 12.9424 12.8215 12.6106 12.4396 12.3135 12.2337 12.1920 12.1807 12.1928 12.2220 12.2611 12.3024 12.3423 12.3782 12.3955 12.3943 12.3692 12.3410 12.3111 12.2734
10.0749 9.9724 9.7466 9.1348 8.5258 8.1916 8.0569 7.8355 7.5429 7.4770 7.4067 7.3941 7.3204 7.3002 7.2671 7.0438 6.8523 6.7316 6.6986 6.6782 6.7344 7.8851 9.4462 9.6967 9.3488 9.3582 9.2719 9.3130 9.3995 9.5580 9.8786 10.3370 10.8633 11.4374 11.9524 12.5426 13.0157 13.3478 13.4786 13.4848 13.6867 13.8876 13.8147 13.8117 13.6408 13.3912 13.0746 12.8165 12.6101 12.4315 12.0881 11.8252 11.6551 11.5885 11.5265 11.4715 11.4298 11.4050 11.4013 11.4245 11.4694 11.5319 11.6066 11.6874 11.7719 11.8516 11.9183 11.9395 11.9052 11.8261 11.7352
10.2221 10.1936 10.1374 10.0116 9.7622 9.1923 8.5928 8.2887 8.1357 8.0101 7.9524 7.9575 8.0220 8.1026 8.1691 8.2843 7.8080 7.8497 7.6264 7.6232 7.6855 8.3302 8.5023 9.0089 9.0695 9.1028 9.3040 9.4674 9.7856 10.3368 11.0390 11.7346 12.4196 13.0009 13.4441 13.6395 13.6131 13.5389 13.4768 13.4369 13.9944 13.8463 13.5128 13.4988 13.1977 12.8643 12.5218 12.1454 11.7641 11.3891 11.2027 11.0058 10.8549 10.7382 10.7053 10.7238 10.7597 10.7963 10.8336 10.8805 10.9417 11.0174 11.1054 11.2065 11.3224 11.4443 11.5797 11.6980 11.7750 11.7714 11.7395
10.0680 10.0394 10.0228 9.9827 9.9120 9.7925 9.5868 9.3037 8.8644 8.4889 8.2929 8.2376 8.3263 8.4813 8.6189 8.5652 8.4133 8.4377 8.5162 8.4295 8.4627 8.5744 9.3697 9.6397 9.8234 10.0335 10.2619 10.7013 11.3694 12.1546 12.9126 13.5386 13.9923 14.2563 14.3381 14.2788 14.1461 13.9989 13.8755 13.7816 13.5980 13.4655 13.1754 12.6474 12.2148 11.8097 11.4215 11.0823 10.7986 10.5935 10.3661 10.2817 10.2444 10.2441 10.2276 10.2450 10.2893 10.3478 10.4129 10.4842 10.5623 10.6490 10.7470 10.8571 10.9860 11.1372 11.3185 11.5535 11.8363 12.0684 12.1461
9.9819 9.9331 9.9057 9.8630 9.8235 9.7944 9.7582 9.7042 9.6189 9.5134 9.4003 9.3055 9.2359 9.2341 9.3198 9.4758 10.0601 10.6289 11.1513 11.1887 11.0696 11.0302 10.9655 11.0223 11.1480 11.4122 11.8912 12.5592 13.2978 13.9614 14.4406 14.7004 14.7373 14.5917 14.3441 14.0738 13.8583 13.7067 13.5806 13.4107 13.1164 12.5801 12.0327 11.5286 10.9826 10.5284 10.2209 10.0356 9.9268 9.8649 9.8633 9.8302 9.8266 9.8404 9.8628 9.8582 9.8566 9.8698 9.9004 9.9535 10.0224 10.1027 10.1924 10.2963 10.4162 10.5424 10.7027 10.9032 11.2089 11.6596 12.2220
10.1146 10.0775 10.0768 10.0940 10.1410 10.1565 10.2019 10.3035 10.3369 10.4308 10.5263 10.5315 10.5777 10.6449 10.7169 10.8574 11.6868 12.2889 12.3149 12.1589 11.9975 11.8812 11.8611 11.9523 12.2392 12.7712 13.4836 14.1900 14.7182 15.0459 15.1178 14.9229 14.5807 14.1706 13.7829 13.4771 13.2609 13.0870 12.8790 12.5081 11.9469 11.2539 10.5958 10.0186 9.6610 9.4392 9.3070 9.2112 9.1611 9.1364 9.1247 9.1215 9.0870 9.0157 8.9415 8.8981 8.8731 8.8724 8.9008 8.9346 8.9765 9.0262 9.0797 9.1263 9.1974 9.3084 9.4115 9.5187 9.6464 9.8939 10.3398
10.4682 10.6352 10.7957 11.0285 11.2895 11.5017 11.7804 12.0206 12.1757 12.3590 12.5145 12.6287 12.7544 12.8497 12.9140 13.1195 13.1010 12.9762 12.7943 12.6006 12.4446 12.4301 12.5676 12.9022 13.5222 14.3117 14.9854 15.3476 15.3845 15.2906 14.8406 14.3208 13.7924 13.3188 12.9700 12.7033 12.4690 12.1728 11.6886 11.0827 10.1321 9.3174 9.0531 8.8922 8.4800 8.3856 8.2971 8.2254 8.1762 8.1075 7.9748 7.7964 7.7123 7.7851 7.8702 7.9695 8.0471 8.0986 8.1590 8.2130 8.2530 8.3115 8.3818 8.4427 8.6450 8.7852 8.8168 8.8744 8.9400 8.9706 9.0135
10.6762 10.9762 11.2737 11.6871 12.1290 12.4930 12.9624 13.3912 13.7104 14.0711 14.2941 14.4172 14.5090 14.4923 14.4230 14.7023 14.0547 13.5985 13.3178 13.1707 13.2291 13.4269 13.7818 14.3978 15.2299 15.7944 15.7469 15.5272 15.2223 14.8194 14.6747 13.6544 12.8979 12.5115 12.3681 11.7987 11.2131 10.3698 9.2983 8.3681 8.2663 8.1144 7.5173 6.3074 6.3510 6.6764 6.8047 6.6757 6.2456 5.7549 5.8355 5.9350 6.2957 6.4059 6.6652 6.6502 6.6444 6.7493 6.8512 6.9934 7.1930 7.3532 7.4357 7.6931 7.9278 8.2817 8.6319 8.8280 8.7186 8.5790 8.6879
10.2098 10.5103 10.7884 10.8968 11.1755 11.3803 11.3493 11.8029 11.8488 11.5431 11.8548 11.8588 11.6185 11.6872 11.8874 12.7313 13.7186 14.4596 14.8395 15.2273 15.0693 15.0067 15.3253 15.8537 15.9452 15.0076 14.5015 13.0562 10.7241 11.3207 5.9156 6.7763 9.5312 8.2289 4.2102 4.1757 4.1669 8.1433 6.6495 3.8826 4.1568 3.9102 3.2985 3.2853 3.0899 2.8849 2.7335 2.6378 2.6813 2.6029 2.5640 2.4414 2.5364 2.6827 3.1289 3.5256 3.6589 3.7987 4.0593 4.5546 5.2239 6.0662 6.3185 6.2306 6.2176 6.2706 6.2833 5.9164 5.5645 5.0437 4.9897
8.2095 7.6782 7.6487 7.7072 7.0614 7.0212 7.1386 6.9301 6.8743 6.9672 6.9573 7.0685 7.4584 7.8777 8.2484 9.7596 10.7332 11.7579 14.1108 14.9801 15.7051 16.3036 14.9357 14.3918 10.5078 7.9507 6.4745 5.1227 0.6953 0.0000 0.0000 0.0000 0.0000 0.0201 0.0719 0.1561 0.2948 0.3950 0.0802 0.0272 0.0286 0.0459 0.2951 0.2941 0.4430 0.7380 0.5440 0.5010 0.5976 0.3815 0.3462 0.4127 0.2846 0.3311 0.4390 0.5054 0.5175 0.5487 0.8472 1.1955 2.4611 3.4655 4.2435 3.8826 3.2426 2.3517 0.5645 0.0000 1.1580 0.0000 0.0000
0.0000 0.0000 0.0000 0.0000 0.0000 0.0000 0.0000 0.0000 0.0000 0.0000 0.0000 0.0000 0.0000 0.0000 0.0000 0.0000 0.0000 0.0000 0.0000 0.0000 0.0000 0.0000 0.0000 0.0000 0.0000 0.0000 0.0000 0.0000 0.0000 0.0000 0.0000 0.0000 0.0000 0.0000 0.0000 0.0000 0.0000 0.0000 0.0000 0.0000 0.0000 0.0000 0.0000 0.0000 0.0000 0.0000 0.0000 0.0000 0.0000 0.0000 0.0000 0.0000 0.0000 0.0000 0.0000 0.0000 0.0000 0.0000 0.0000 0.0000 0.0000 0.0000 0.0000 0.0000 0.0000 0.0000 0.0000 0.0000 0.0000 0.0000 0.0000
