tool_adapters/Deltares_HABITAT/example_maps/Tenryuu_river/standard_maps/waterdepth_ascending_mean.asc
ncols          735
nrows          17
xllcorner      -61262.8867
yllcorner      -118292.6406
cellsize       25
[rows 0 to 16 of 17, columns 568 to 638 of 735]
0.0000 0.0000 0.0000 0.0000 0.0000 0.0000 0.0000 0.0000 0.0000 0.0000 0.0000 0.0000 0.0000 0.0000 0.0000 0.0000 0.0000 0.0000 0.0000 0.0000 0.0000 0.0000 0.0000 0.0000 0.0000 0.0000 0.0000 0.0000 0.0000 0.0000 0.0000 0.0000 0.0000 0.0000 0.0000 0.0000 0.0000 0.0000 0.0000 0.0000 0.0000 0.0000 0.0000 0.0000 0.0000 0.0000 0.0000 0.0000 0.0000 0.0000 0.0000 0.0000 0.0000 0.0000 0.0000 0.0000 0.0000 0.0000 0.0000 0.0000 0.0000 0.0000 0.0000 0.0000 0.0000 0.0000 0.0000 0.0000 0.0000 0.0000 0.0000
0.1739 0.1773 0.1895 0.1553 0.0923 0.1600 0.2165 0.1536 0.1738 0.0000 0.2575 0.1882 0.0578 0.0000 0.0000 0.0000 0.0000 0.0000 0.0000 0.0000 0.0000 0.0000 0.0000 0.1621 0.1854 0.1608 0.1351 0.2092 0.1179 0.1791 0.1707 0.4345 0.1859 0.0917 0.1477 0.1448 0.0744 0.0000 0.1910 0.1736 0.0719 0.1610 0.2375 0.1763 0.1211 0.2005 0.1962 0.0966 0.2824 0.0351 0.4216 0.1316 0.1304 0.1302 0.1378 0.1319 0.1330 0.1267 0.1332 0.1228 0.1208 0.1954 0.1311 0.0333 0.0859 0.2981 0.1374 0.1402 0.1395 0.1396 0.1331
0.1947 0.2140 0.0868 0.0794 0.0739 0.1170 0.0250 0.0247 0.0344 0.0341 0.0354 0.0147 0.0089 0.0417 0.1106 0.1182 0.2010 0.2565 0.0552 0.1928 0.2313 0.3967 0.1722 0.1171 0.0273 0.1140 0.0928 0.1567 0.1303 0.1005 0.1055 0.1108 0.1164 0.1164 0.1195 0.1811 0.4739 0.0621 0.1930 0.1821 0.1785 0.1723 0.1549 0.1484 0.1422 0.1344 0.1342 0.1396 0.1289 0.1320 0.1250 0.1229 0.1297 0.1240 0.1244 0.1255 0.1179 0.0245 0.0203 0.0080 0.0362 0.0156 0.1019 0.0891 0.0740 0.0159 0.0164 0.0106 0.0119 0.0124 0.0125
0.0181 0.0372 0.1963 0.6252 0.4056 0.3295 0.3331 0.4142 0.2587 0.2156 0.0750 0.1089 0.0791 0.1293 0.0481 0.0156 0.0218 0.0289 0.1969 0.0338 0.1035 0.1068 0.0123 0.0383 0.1000 0.1837 0.1019 0.0095 0.0201 0.0091 0.0085 0.0084 0.0086 0.0110 0.0143 0.1021 0.1428 0.1820 0.1180 0.1368 0.1347 0.1378 0.1389 0.1359 0.1308 0.1275 0.1201 0.1237 0.1252 0.1179 0.1126 0.1040 0.0949 0.0218 0.0211 0.0220 0.0227 0.0211 0.0158 0.0161 0.0228 0.7868 0.0103 0.0095 0.0100 0.0101 0.0204 0.2562 0.3065 0.3601 0.4016
1.8383 2.3195 1.7332 1.3619 1.0742 1.2179 1.3438 1.5041 1.0109 0.6463 0.5590 0.5368 0.6247 0.6423 0.5778 0.4721 0.3871 0.4167 0.5239 0.2365 0.0479 0.0270 0.0277 0.0203 0.0180 0.0234 0.1321 0.0111 0.0184 0.0095 0.0119 0.0088 0.0192 0.0155 0.0170 0.0282 0.1176 0.1309 0.1282 0.1570 0.1495 0.1406 0.1394 0.2710 0.1152 0.0304 0.1864 0.0305 0.0711 0.0128 0.2133 0.0271 0.0235 0.0242 0.0238 0.0225 0.0236 0.0156 0.0221 0.0342 0.0469 0.4768 0.0116 0.0114 0.1876 0.3558 0.5075 0.6564 0.7804 0.8551 0.9255
2.8378 2.7848 2.7387 2.8269 3.1031 3.3569 3.0273 2.7940 2.5061 2.2074 1.9512 1.5901 1.0952 0.8714 0.6811 0.6370 0.6804 0.8427 0.9985 1.1099 1.1789 1.2326 1.3060 1.5986 1.6353 1.0502 0.8628 0.8424 0.5543 0.0596 0.0483 0.0705 0.0183 0.0309 0.0151 0.0233 0.0219 0.0234 0.0237 0.0206 0.0180 0.0534 0.1068 0.1049 0.0281 0.0147 0.0320 0.0112 0.0318 0.0316 0.0308 0.0304 0.0280 0.0264 0.0258 0.0217 0.0201 0.0182 0.0359 0.0375 0.0562 0.0224 0.8461 0.0111 0.0085 0.0126 0.0096 0.0083 0.0087 0.0089 0.0103
2.8850 2.9050 2.8723 2.7243 2.5413 2.5164 2.5993 2.8243 3.0634 3.1917 3.1229 2.8747 2.4465 1.9870 1.6527 1.4063 1.2204 1.1434 1.2012 1.2948 1.4099 1.5801 1.6794 1.7115 1.6608 1.7828 1.8137 1.4637 1.0676 0.7467 0.1933 0.0960 0.0522 0.0659 0.1157 0.2018 0.0085 0.0475 0.0158 0.0214 0.0166 0.0225 0.0256 0.0345 0.0362 0.0321 0.0188 0.0705 0.0522 0.0086 0.0241 0.0793 0.0582 0.0233 0.0229 0.0182 0.0079 0.0149 0.0161 0.0125 0.0267 0.0540 0.0214 0.1406 0.1299 0.1435 0.1149 0.0100 0.1705 0.1622 0.0335
1.7770 1.5429 1.3479 1.4474 1.4228 1.0712 0.9438 0.9780 1.1683 1.4636 1.7983 2.0972 2.3647 2.4956 2.5430 2.5562 2.5609 2.5429 2.4757 2.3035 2.1192 1.9152 1.7290 1.6013 1.5533 1.5892 1.7559 2.1025 2.2547 1.7887 1.0296 0.6638 0.3005 0.0536 0.0377 0.0308 0.0458 0.0421 0.0440 0.0995 0.2627 0.2146 0.1571 0.0605 0.0170 0.0235 0.0222 0.0144 0.0274 0.0091 0.0136 0.0308 0.0863 0.0977 0.0761 0.0851 0.0928 0.0234 0.0079 0.0191 0.0146 0.0540 0.0679 0.0889 0.0398 0.0561 0.3061 0.0388 0.0418 0.0342 0.0453
0.3183 0.3540 0.4246 0.4946 0.6284 0.7877 0.6501 0.5205 0.5145 0.6435 1.1003 1.6326 1.8441 1.8667 1.8281 1.7405 1.5931 1.4709 1.3567 1.1482 1.0052 0.9148 0.7846 0.6874 0.6305 0.6395 0.6844 0.8094 1.6457 2.2065 1.8595 1.1398 0.7646 0.6686 0.4682 0.2000 0.2034 0.5530 0.9581 1.0665 1.0869 0.9676 0.8249 0.6101 0.5332 0.4726 0.3859 0.2611 0.1772 0.0375 0.0672 0.0507 0.0974 0.0315 0.0971 0.0456 0.0368 0.0235 0.0838 0.0133 0.0116 0.0313 0.0778 0.2190 0.0244 0.1079 0.4401 0.8267 2.0621 2.4678 1.9076
0.0655 0.0201 0.0145 0.0403 0.0814 0.2128 0.3382 0.3429 0.3077 0.3340 0.4735 0.6376 0.7293 0.7853 0.8126 0.7925 0.7010 0.6353 0.6103 0.6536 0.6656 0.6342 0.6403 0.6287 0.7345 0.7955 0.8684 0.9791 1.1844 1.7894 2.2913 2.2962 1.8852 1.3675 0.7974 0.6187 0.6410 1.1950 1.7896 1.4235 1.6135 1.8047 1.9225 1.8541 1.8188 1.7518 1.6609 1.5365 1.3451 1.3031 1.3159 1.4532 1.7238 1.9893 2.1449 2.2856 2.3380 2.4691 1.8914 2.6195 0.8177 0.3843 0.0438 1.7969 2.5708 2.4263 2.3601 1.9698 2.2646 2.6915 2.3067
0.0173 0.0329 0.0429 0.0226 0.0117 0.0382 0.0438 0.0662 0.2942 0.0827 0.0412 0.0345 0.0604 0.1094 0.1541 0.2288 0.2605 0.2370 0.2513 0.2401 0.2546 0.2114 0.1301 0.1011 0.0539 0.0391 0.0178 0.0090 0.0761 0.9118 1.3819 1.3954 1.6251 1.7792 1.8488 2.0118 2.4118 2.5240 2.2896 2.3864 2.4677 2.4239 2.3382 2.2840 2.2621 2.2023 2.1241 2.0638 2.0746 2.2145 2.5180 2.7704 2.8897 2.8605 2.7561 2.6398 2.5364 2.4454 2.3530 2.6808 2.5835 2.0774 2.2592 2.9601 2.8459 2.5676 2.4584 1.4937 0.0598 0.0626 0.0316
0.0076 0.0076 0.0081 0.0284 0.0141 0.0664 0.0754 0.0720 0.0658 0.0666 0.0142 0.0285 0.0457 0.0406 0.0341 0.0401 0.0122 0.0364 0.1216 0.1239 0.1419 0.0496 0.0358 0.0379 0.1005 0.0493 0.0102 0.0200 0.0091 0.9928 1.5027 1.7997 2.3837 2.4344 2.8087 2.9747 2.8898 2.5653 2.4316 2.0781 1.6338 1.3538 1.1884 1.2003 1.3770 1.6812 2.0348 2.1500 2.2935 2.3197 2.1713 2.0199 1.9273 2.0716 1.7800 1.6845 1.7476 1.9368 2.0046 2.1567 2.1427 1.6667 1.3844 1.1302 0.1060 0.0441 0.0355 0.0450 0.0427 0.0499 0.0178
0.0279 0.0583 0.0859 0.0403 0.0079 0.0077 0.0077 0.0100 0.0123 0.0610 0.0772 0.0085 0.0131 0.0120 0.0221 0.0229 0.0167 0.0212 0.0177 0.0245 0.0345 0.0129 0.0383 0.0249 0.3163 0.1970 0.0882 0.0214 0.0380 0.5088 0.5000 0.0117 0.0244 0.0294 0.0774 0.0132 0.0681 0.0146 0.0679 0.0482 0.2099 0.7721 0.8614 0.8595 0.9063 0.9988 1.1422 1.3213 1.1934 1.0150 0.8184 0.6668 0.5350 0.2784 0.4438 0.3550 0.1491 0.0771 0.0569 0.0266 0.0094 0.0539 0.0145 0.0110 0.0320 0.1558 0.0208 0.0256 0.0219 0.1166 0.3523
0.0571 0.1168 0.1690 0.1474 0.0494 0.0144 0.0123 0.0196 0.0187 0.0254 0.0122 0.0179 0.0904 0.0284 0.0282 0.1691 0.0916 0.0115 0.0311 0.1323 0.0930 0.0112 0.0110 0.0373 0.7138 0.0314 0.0182 0.0337 0.0344 0.0159 0.0191 0.0163 0.0452 0.0290 0.0285 0.0298 0.0254 0.0384 0.0581 0.0267 0.0293 0.0173 0.2160 0.5453 0.2890 0.1740 0.1156 0.1672 0.1504 0.0361 0.0419 0.0655 0.0268 0.0144 0.0144 0.0130 0.0289 0.0805 0.0518 0.0826 0.0932 0.0365 0.0569 0.0666 0.1275 0.0484 0.0503 0.1457 0.1627 0.0414 0.5000
0.1082 0.0095 0.0079 0.0094 0.0178 0.0181 0.7862 0.4740 0.4439 0.6942 0.7402 0.0682 0.8435 0.7669 0.6914 0.6335 0.5722 0.5078 0.4405 0.3703 0.2970 0.2187 0.1360 0.1323 0.0164 0.0534 0.0401 0.0687 0.0582 0.0403 0.0339 0.0264 0.0189 0.0115 0.0089 0.0091 0.0091 0.0090 0.0089 0.0087 0.0085 1.6826 1.1067 0.0260 0.0235 0.0169 0.0106 0.0074 0.0226 0.0111 0.0221 0.0284 0.0134 0.0123 0.0080 0.0116 0.1644 0.1058 0.3236 0.4281 0.4229 0.4253 0.3694 0.3520 0.2445 0.0116 0.0286 0.0224 0.0235 0.3543 0.1170
0.0130 0.0132 0.0831 0.1625 0.1012 0.1480 0.1945 0.1976 0.2495 0.1229 0.2936 0.2014 0.1656 0.0000 0.0000 0.2121 0.0000 0.0000 0.0000 0.0000 0.0000 0.0000 0.0000 0.0000 0.0074 0.0043 0.0000 0.0000 0.0000 0.0000 0.0000 0.0000 0.0000 0.0000 0.0000 0.0000 0.0000 0.0994 0.4604 0.2572 0.3632 0.1005 0.3156 0.2178 0.2004 0.1856 0.1420 0.1318 0.1231 0.0149 0.0559 0.0122 0.1364 0.1452 0.1905 0.0888 0.1817 0.1156 0.1163 0.1165 0.0267 0.0580 0.0284 0.0176 0.0880 0.1065 0.1395 0.0169 0.1418 0.1496 0.1713
0.0000 0.0000 0.0000 0.0000 0.0000 0.0000 0.0000 0.0000 0.0000 0.0000 0.0000 0.0000 0.0000 0.0000 0.0000 0.0000 0.0000 0.0000 0.0000 0.0000 0.0000 0.0000 0.0000 0.0000 0.0000 0.0000 0.0000 0.0000 0.0000 0.0000 0.0000 0.0000 0.0000 0.0000 0.0000 0.0000 0.0000 0.0000 0.0000 0.0000 0.0000 0.0000 0.0000 0.0000 0.0000 0.0000 0.0000 0.0000 0.0000 0.0000 0.0000 0.0000 0.0000 0.0000 0.0000 0.0000 0.0000 0.0000 0.0000 0.0000 0.0000 0.0000 0.0000 0.0000 0.0000 0.0000 0.0000 0.0000 0.0000 0.0000 0.0000
