tool_adapters/Deltares_HABITAT/example_maps/Tenryuu_river/standard_maps/waterdepth_spawning_mean.asc
ncols          735
nrows          17
xllcorner      -61262.8867
yllcorner      -118292.6406
cellsize       25
[rows 0 to 16 of 17, columns 71 to 141 of 735]
0.0000 0.0000 0.0000 0.0000 0.0000 0.0000 0.0000 0.0000 0.0000 0.0000 0.0000 0.0000 0.0000 0.0000 0.0000 0.0000 0.0000 0.0000 0.0000 0.0000 0.0000 0.0000 0.0000 0.0000 0.0000 0.0000 0.0000 0.0000 0.0000 0.0000 0.0000 0.0000 0.0000 0.0000 0.0000 0.0000 0.0000 0.0000 0.0000 0.0000 0.0000 0.0000 0.0000 0.0000 0.0000 0.0000 0.0000 0.0000 0.0000 0.0000 0.0000 0.0000 0.0000 0.0000 0.0000 0.0000 0.0000 0.0000 0.0000 0.0000 0.0000 0.0000 0.0000 0.0000 0.0000 0.0000 0.0000 0.0000 0.0000 0.0000 0.0000
0.0226 0.0282 0.0306 0.0495 0.0627 0.1041 0.1707 0.2962 0.3646 0.4728 0.5749 0.6770 0.7682 0.7586 0.6392 0.4032 0.2238 0.1387 0.0722 0.0379 0.0222 0.0150 0.0250 0.0123 0.0148 0.0219 0.0121 0.0085 0.0000 0.0000 0.0000 0.0000 0.0000 0.0000 0.0000 0.0000 0.0000 0.0000 0.0000 0.0000 0.0000 0.0000 0.0000 0.0000 0.0000 0.0000 0.0000 0.0000 0.0000 0.0000 0.0000 0.0000 0.0000 0.0000 0.0000 0.0000 0.0000 0.0031 0.0083 0.0181 0.0362 0.0670 0.0110 0.0088 0.0082 0.0088 0.0077 0.0118 0.0093 0.0090 0.0096
0.0324 0.0517 0.0527 0.1513 0.3748 0.5030 0.5385 0.5841 0.6267 0.5945 0.5349 0.4375 0.3885 0.4453 0.5689 0.7542 0.9979 0.8876 0.5190 0.3241 0.2025 0.1988 0.0967 0.0564 0.0266 0.0212 0.0112 0.0113 0.0140 0.0141 0.0126 0.0130 0.0083 0.0122 0.0000 0.0000 0.0000 0.0000 0.0000 0.0000 0.0000 0.0000 0.0000 0.0000 0.0000 0.0000 0.0000 0.0000 0.0000 0.0000 0.0000 0.0000 0.0000 0.0000 0.0000 0.0000 0.0000 0.0173 0.0093 0.0087 0.0086 0.0082 0.0087 0.0083 0.0081 0.0080 0.0081 0.0082 0.0077 0.0077 0.0179
0.1032 0.2446 0.6061 0.6909 0.8617 0.9522 1.1070 1.0913 0.7984 0.6589 0.5972 0.6077 0.6522 0.7614 0.9003 1.0214 1.0020 0.9926 1.0209 1.0656 1.0138 0.7299 0.5978 0.5171 0.2745 0.0907 0.0371 0.0507 0.0159 0.0146 0.0171 0.0112 0.0127 0.0113 0.0103 0.0116 0.0133 0.0148 0.0152 0.0000 0.0000 0.0000 0.0000 0.0000 0.0000 0.0000 0.0000 0.0000 0.0000 0.0000 0.0000 0.0000 0.0128 0.0095 0.0092 0.0090 0.0092 0.0083 0.0078 0.0081 0.0083 0.0080 0.0076 0.0081 0.0076 0.0077 0.0161 0.0174 0.0441 0.0158 0.1807
0.5291 0.7759 2.0041 1.7029 1.5876 1.6149 1.5798 1.4554 1.4053 1.4186 1.4712 1.4657 1.4949 1.5250 1.5013 1.4926 1.5086 1.5465 1.5860 1.6159 1.6206 1.5954 1.5795 1.0603 0.6943 0.4735 0.4792 0.3568 0.2274 0.0383 0.0392 0.0094 0.0270 0.0120 0.0133 0.0115 0.0130 0.0125 0.0102 0.0083 0.0077 0.0082 0.0082 0.0080 0.0081 0.0086 0.0111 0.2113 0.0183 0.0098 0.1273 0.1908 0.0097 0.0081 0.0081 0.0082 0.0078 0.0083 0.0083 0.0083 0.0076 0.0077 0.0196 0.0555 0.1759 0.0480 0.1471 0.2607 0.1954 0.0452 0.0185
1.3283 2.5069 2.1046 2.0152 2.0358 1.9951 1.9925 2.0600 2.1292 2.1115 2.0460 2.0359 1.9910 1.9460 1.9119 1.9031 1.9107 1.9451 2.0123 2.1219 2.2691 2.4449 2.6123 2.6476 2.3564 2.0530 1.7376 0.7942 0.5208 0.3882 0.2469 0.0405 0.0188 0.0103 0.0121 0.0162 0.0105 0.0132 0.0135 0.0112 0.0084 0.0078 0.0107 0.0142 0.0435 0.0080 0.0939 0.0252 0.0785 0.0130 0.0934 0.2655 0.0333 0.0091 0.0084 0.0092 0.0093 0.1123 0.0112 0.0098 0.0177 0.0921 0.0324 0.0078 0.0077 0.0077 0.0084 0.0084 0.0083 0.0083 0.0083
2.9398 2.5189 2.2398 2.1211 1.8173 1.7371 1.8335 1.3253 1.2040 1.1584 1.2364 1.2637 1.3123 1.3462 1.3617 1.3620 1.3579 1.3410 1.3473 1.3642 1.4282 1.5694 1.8391 2.2753 2.8332 3.4615 3.4544 3.0840 2.1475 1.2653 0.5398 0.3854 0.2659 0.2031 0.0182 0.0296 0.0180 0.0114 0.0116 0.0108 0.0114 0.0088 0.0076 0.0080 0.0089 0.0256 0.0603 0.0293 0.0656 0.0104 0.0426 0.1235 0.0104 0.0081 0.0079 0.0083 0.0083 0.0077 0.0077 0.0089 0.0077 0.0077 0.0083 0.0094 0.0082 0.0082 0.0488 0.0113 0.0083 0.0129 0.0135
2.4199 1.9632 1.7296 0.9743 0.7123 0.4793 0.4526 0.5123 0.5382 0.5044 0.4790 0.4892 0.5233 0.5596 0.5952 0.6192 0.6461 0.6727 0.7339 0.8209 0.7993 0.7277 0.7119 0.7425 0.8760 0.9669 1.8006 2.7996 3.5906 3.5575 2.6298 1.2378 0.5378 0.5157 0.3137 0.0304 0.0368 0.0223 0.0088 0.0104 0.0111 0.0164 0.0123 0.0091 0.0405 0.0133 0.0144 0.0181 0.0127 0.0582 0.0105 0.0909 0.0167 0.0162 0.0081 0.0082 0.0085 0.0078 0.0083 0.0092 0.0082 0.0136 0.0755 0.0191 0.0130 0.0124 0.0118 0.0136 0.0156 0.0162 0.0166
1.1682 0.7554 0.5676 0.4578 0.2878 0.1111 0.0890 0.1179 0.0946 0.0841 0.1028 0.0976 0.1195 0.1253 0.1611 0.2506 0.3337 0.4063 0.4758 0.4761 0.3938 0.3977 0.3337 0.3304 0.3604 0.4668 0.5675 0.7386 1.2054 2.4470 3.5835 3.6611 2.7912 1.3079 0.5639 0.3673 0.0364 0.0170 0.0144 0.0155 0.0123 0.0137 0.0108 0.0142 0.0125 0.0093 0.0113 0.0100 0.0271 0.0249 0.0484 0.0827 0.0202 0.0162 0.0091 0.0088 0.0090 0.0110 0.0098 0.0095 0.0094 0.0114 0.0124 0.0148 0.0155 0.0163 0.0174 0.0172 0.0161 0.0143 0.0380
0.2734 0.3155 0.1024 0.0261 0.0206 0.0355 0.0192 0.0182 0.0219 0.0256 0.0243 0.0145 0.0174 0.1106 0.0886 0.1016 0.1692 0.0387 0.0115 0.0110 0.0110 0.0160 0.0255 0.0415 0.0501 0.0439 0.0608 0.1311 0.4742 0.5845 0.9983 2.7246 3.3433 3.4451 2.6531 0.6125 0.4338 0.0425 0.0182 0.0096 0.0129 0.0135 0.0134 0.0136 0.0114 0.0126 0.0106 0.0083 0.0180 0.0599 0.0192 0.0197 0.0172 0.0091 0.0091 0.0089 0.0089 0.0085 0.0122 0.0101 0.0104 0.0138 0.0160 0.0174 0.0248 0.1532 0.2269 0.3340 0.4172 0.5070 0.5569
0.0192 0.0200 0.0329 0.0236 0.0219 0.0099 0.0121 0.0088 0.0114 0.0153 0.0098 0.0164 0.0159 0.0155 0.0130 0.0584 0.0291 0.0222 0.0225 0.0086 0.0234 0.0089 0.0112 0.0466 0.0244 0.0254 0.0266 0.0183 0.0299 0.0587 0.3314 0.5711 1.2920 2.2207 2.9244 2.9853 0.8523 0.4989 0.4658 0.0957 0.7650 0.0235 0.0143 0.0138 0.0112 0.0084 0.0083 0.0217 0.0623 0.0731 0.0156 0.0183 0.0079 0.0098 0.0088 0.0214 0.0812 0.2344 0.3071 0.1771 0.3429 0.4806 0.5766 0.6636 0.7105 0.8078 0.8763 0.9455 1.0730 1.2835 1.5662
0.0267 0.0104 0.0119 0.0160 0.0134 0.0135 0.0258 0.0214 0.0216 0.0000 0.0000 0.0000 0.0000 0.0000 0.0000 0.0000 0.0000 0.0000 0.0000 0.0000 0.0000 0.0000 0.0305 0.0311 0.0314 0.0315 0.0305 0.0233 0.0196 0.0166 0.0081 0.0785 0.2522 1.1407 2.2965 3.1618 3.2221 1.7220 0.7178 0.5246 2.2823 0.6926 0.1018 0.0743 0.0667 0.0379 0.0082 0.0290 0.2094 0.1733 0.0582 0.0607 0.0885 0.0308 0.2017 0.3161 0.3813 0.4541 0.5878 0.5943 0.7660 1.0013 1.0834 1.1613 1.3074 1.4448 1.6094 1.8786 2.2204 2.5623 2.8484
0.0117 0.0144 0.0128 0.0237 0.0209 0.0000 0.0000 0.0000 0.0000 0.0000 0.0000 0.0000 0.0000 0.0000 0.0000 0.0000 0.0000 0.0000 0.0000 0.0000 0.0000 0.0000 0.0000 0.0000 0.0000 0.0000 0.0000 0.0000 0.0121 0.0235 0.0213 0.0210 0.0277 0.0468 0.6365 1.8534 2.9195 3.3964 2.9479 3.2188 3.5871 0.8931 0.4990 0.4263 0.3778 0.4773 0.3696 0.2698 0.2408 0.2623 0.3335 0.4032 0.4654 0.5586 0.6132 0.6831 0.8406 0.9734 1.0688 1.1945 1.3382 1.4482 1.5465 1.6968 1.8973 2.1786 2.5557 2.9744 3.3403 3.5144 3.4761
0.0225 0.0233 0.0000 0.0000 0.0000 0.0000 0.0000 0.0000 0.0000 0.0000 0.0000 0.0000 0.0000 0.0000 0.0000 0.0000 0.0000 0.0000 0.0000 0.0000 0.0000 0.0000 0.0000 0.0000 0.0000 0.0000 0.0000 0.0000 0.0000 0.0191 0.0253 0.0289 0.0244 0.0223 0.0117 0.1909 1.6190 2.5029 3.0396 3.0585 2.9088 2.6123 2.2889 1.6147 0.9322 0.7095 0.6078 0.5625 0.5638 0.5807 0.7083 0.9804 1.2713 1.4651 1.6667 1.8931 2.0960 2.2166 2.3059 2.3835 2.4522 2.5277 2.6421 2.8195 3.0550 3.2870 3.4181 3.3627 3.1497 2.8552 2.5538
0.0220 0.0000 0.0000 0.0000 0.0000 0.0000 0.0000 0.0000 0.0000 0.0000 0.0000 0.0000 0.0000 0.0000 0.0000 0.0000 0.0000 0.0000 0.0000 0.0000 0.0000 0.0000 0.0000 0.0000 0.0000 0.0000 0.0000 0.0000 0.0000 0.0000 0.0000 0.0000 0.0000 0.0000 0.0000 0.0337 0.0326 0.0334 0.0242 0.0429 0.8901 2.9580 2.2243 2.4459 2.3535 2.0596 1.8650 1.8075 1.8714 2.0532 2.2646 2.4555 2.6301 2.8088 3.0179 3.2042 3.2897 3.2603 3.1742 3.0921 3.0392 3.0143 2.9976 2.9413 2.7916 2.5407 2.2329 1.9082 1.6403 1.3542 1.1482
0.0000 0.0000 0.0000 0.0000 0.0000 0.0000 0.0000 0.0000 0.0000 0.0000 0.0000 0.0000 0.0000 0.0000 0.0000 0.0000 0.0000 0.0000 0.0000 0.0000 0.0000 0.0000 0.0000 0.0000 0.0000 0.0000 0.0000 0.0000 0.0000 0.0000 0.0000 0.0000 0.0000 0.0000 0.0000 0.0000 0.0000 0.0000 0.0000 0.0358 0.4326 4.9227 3.9991 2.5909 3.1762 3.6715 3.9784 4.1998 4.3540 4.3836 4.3174 4.2296 4.1246 4.0086 3.8710 3.6659 3.3977 3.1135 2.8469 2.6008 2.3605 2.1059 1.8171 1.5055 1.0625 0.6238 0.4905 0.4603 0.4396 0.3471 0.1886
0.0000 0.0000 0.0000 0.0000 0.0000 0.0000 0.0000 0.0000 0.0000 0.0000 0.0000 0.0000 0.0000 0.0000 0.0000 0.0000 0.0000 0.0000 0.0000 0.0000 0.0000 0.0000 0.0000 0.0000 0.0000 0.0000 0.0000 0.0000 0.0000 0.0000 0.0000 0.0000 0.0000 0.0000 0.0000 0.0000 0.0000 0.0000 0.0000 0.0000 0.0000 0.0000 0.0000 0.0000 0.0000 0.0000 0.0000 0.0000 0.0000 0.0000 0.0000 0.0000 0.0000 0.0000 0.0000 0.0000 0.0000 0.0000 0.0000 0.0000 0.0000 0.0000 0.0000 0.0000 0.0000 0.0000 0.0000 0.0000 0.0000 0.0000 0.0000
