tool_adapters/Deltares_HABITAT/example_maps/Tenryuu_river/standard_maps/waterdepth_ascending_mean.asc
ncols          735
nrows          17
xllcorner      -61262.8867
yllcorner      -118292.6406
cellsize       25
[rows 0 to 16 of 17, columns 639 to 709 of 735]
0.0000 0.0000 0.0000 0.0000 0.0000 0.0000 0.0000 0.0000 0.0000 0.0000 0.0000 0.0000 0.0000 0.0000 0.0000 0.0000 0.0000 0.0000 0.0000 0.0000 0.0000 0.0000 0.0000 0.0000 0.0000 0.0000 0.0000 0.0000 0.0000 0.0000 0.0000 0.0000 0.0000 0.0000 0.0000 0.0000 0.0000 0.0000 0.0000 0.0000 0.0000 0.0000 0.0000 0.0000 0.0000 0.0000 0.0000 0.0000 0.0000 0.0000 0.0000 0.0000 0.0000 0.0000 0.0000 0.0000 0.0000 0.0000 0.0000 0.0000 0.0000 0.0000 0.0000 0.0000 0.0000 0.0000 0.0000 0.0000 0.0000 0.0000 0.0000
0.1275 0.1147 0.0390 0.0156 0.0101 0.0099 0.0100 0.0106 0.0081 0.0298 0.0080 0.0084 0.0112 0.1263 0.1754 0.9975 0.1133 0.1712 0.1512 0.0283 0.1911 0.0431 0.2244 0.1107 0.3642 0.2925 0.2049 0.2360 0.2065 0.2113 0.2940 0.5052 0.1733 0.1455 0.0182 0.1161 0.3603 0.1674 0.0271 0.1198 0.0460 0.2962 0.1022 0.0593 0.1390 0.0127 0.2833 0.1828 0.3022 0.0826 0.0358 0.1695 0.3359 0.2955 0.0870 0.2314 0.0117 0.0643 0.0224 0.0656 0.0581 0.1927 0.2654 0.0712 0.1679 0.0103 0.1956 0.3326 0.4260 0.5241 0.5636
0.0095 0.0095 0.0084 0.0098 0.0101 0.0562 0.1559 0.4657 0.6504 0.7288 0.6546 0.4181 0.2674 0.0221 0.0124 0.8474 0.0649 0.1717 0.2812 0.3935 0.5087 0.6268 0.7481 0.8723 0.9989 1.1271 1.2562 1.3853 0.0200 0.0387 0.0137 0.0139 0.0297 0.0244 0.0133 0.0697 0.1397 0.1376 0.0741 0.0386 0.0150 0.1547 0.3627 0.4794 0.1370 0.5000 0.5000 0.5000 0.6491 0.7978 0.5789 0.5000 0.5000 0.5000 0.3592 0.1831 0.0454 0.0188 0.0178 0.0226 0.0783 0.0456 0.2636 0.4645 0.6297 0.7762 0.9744 0.9224 1.0764 0.8787 0.8908
0.4423 0.5008 0.6955 0.8472 0.8690 0.6432 0.0115 0.0100 0.0101 0.0099 0.0114 0.0105 0.0111 0.0122 0.5882 2.3236 1.0714 0.0661 0.0236 0.0367 1.4408 0.0149 2.2204 0.0140 0.0577 0.2262 0.0162 0.1411 2.2972 2.0000 1.6268 1.0072 1.6594 0.0486 0.0390 0.0374 0.0484 0.1377 0.0237 0.0346 0.0081 0.0121 0.0231 0.0114 0.0446 0.0202 0.0189 0.0202 0.0219 0.0429 0.1462 0.1545 0.0524 0.0096 0.0082 0.0180 0.1220 0.2706 0.1089 0.0933 0.1326 0.0150 0.0320 0.0393 0.0715 0.0582 0.2546 0.0995 0.2266 0.1763 0.1482
0.9762 0.9801 0.6809 0.0103 0.0098 0.0137 0.0099 0.0183 0.0415 0.0261 0.0360 0.0299 0.2511 2.0285 2.9624 2.1003 1.9283 2.1833 2.4452 2.2023 0.9830 0.2416 1.0784 2.0508 2.0330 2.0792 2.4487 2.5012 2.4384 2.1764 2.0557 2.6785 1.8990 1.5349 1.2336 1.1212 1.0279 0.9586 0.9199 0.8871 0.7938 0.6470 0.7279 0.5209 0.2931 0.1847 0.0469 0.0175 0.0209 0.0478 0.1331 0.1956 0.1613 0.0316 0.0135 0.0213 0.0119 0.0232 0.0264 0.0270 0.0169 0.0281 0.0082 0.0087 0.0084 0.0087 0.0087 0.0735 0.0420 0.1262 0.0292
0.0084 0.0104 0.0096 0.0357 0.0119 0.0396 0.0349 0.0379 0.0738 0.0558 1.0448 1.6538 2.5419 2.0687 1.8170 1.6092 1.5765 1.6616 1.7762 2.1198 2.5990 2.4561 1.8755 1.9793 1.7027 1.4634 1.2565 1.1497 1.0974 1.1382 1.2144 1.3996 1.8454 1.8431 1.8325 1.8478 1.8633 1.8512 1.8296 1.8210 1.8127 1.7964 1.7590 1.6509 1.4617 1.1644 0.7503 0.5243 0.4358 0.3707 0.3258 0.2871 0.1124 0.0467 0.0343 0.0269 0.0207 0.0220 0.0932 0.1296 0.2038 0.0741 0.0382 0.0590 0.0172 0.0157 0.0171 0.0236 0.0748 0.0318 0.0524
0.0357 0.0147 0.0316 0.0389 0.0379 0.0839 0.2431 0.9950 1.8154 2.2510 2.0157 2.0071 1.8364 1.6533 1.3618 1.1232 0.9377 0.7372 0.7427 0.7632 0.9120 1.4990 1.4411 1.1340 1.0591 0.5524 0.3398 0.2391 0.3069 0.3773 0.4464 0.6066 0.7483 0.8989 1.0132 1.1385 1.2270 1.2774 1.3399 1.4731 1.6497 1.8279 1.9881 2.1349 2.2080 2.1391 1.9395 1.7359 1.5830 1.4730 1.3811 1.2764 1.1383 1.0692 1.0082 0.8855 0.7205 0.6265 0.6161 0.6008 0.5936 0.5889 0.5728 0.5555 0.5592 0.5599 0.5689 0.5961 0.6130 0.6092 0.5920
0.0331 0.0379 2.2891 0.9560 1.1634 1.7881 1.7437 1.7612 1.2453 1.2333 1.4131 1.4178 1.5755 0.7512 0.4653 0.3604 0.2452 0.1580 0.1908 0.1935 0.3519 0.5295 0.9140 0.4524 0.1599 0.1500 0.0802 0.0378 0.0439 0.0300 0.0227 0.0672 0.1285 0.1564 0.0727 0.0599 0.0561 0.0100 0.1350 0.0837 0.3872 0.6651 1.0343 1.4309 1.8035 2.0951 2.2475 2.2682 2.2121 2.1357 2.0784 2.0510 2.0046 1.9016 1.7965 1.7064 1.6386 1.5342 1.3939 1.2959 1.1666 1.0444 1.0249 1.0151 1.0636 1.0421 0.8847 0.7086 0.5714 0.6029 0.7283
1.2409 2.2981 2.4732 2.0558 2.1128 1.9823 2.0288 1.8457 1.6005 1.0179 0.5731 0.4281 0.4802 0.1848 0.0520 0.0585 0.0687 0.0589 0.1696 0.0824 0.1131 0.1888 0.2360 0.1883 0.1655 0.0186 0.0229 0.0233 0.0203 0.0272 0.0902 0.0659 0.0704 0.0244 0.0578 0.0097 0.2157 0.0248 0.0143 0.1869 0.0253 0.0638 0.0626 0.0454 0.3426 0.8918 1.3828 1.7250 1.9056 1.9605 1.9878 2.0214 2.0548 2.0769 2.0612 2.0096 1.9732 1.9503 1.9367 1.8842 1.8198 1.7453 1.6811 1.6456 1.6133 1.5607 1.5061 1.4951 1.4734 1.4511 1.4058
2.7395 1.9005 1.9795 2.1031 1.9482 1.9311 2.0308 0.7807 0.7192 0.4663 0.2981 0.0202 0.0100 0.0091 0.0475 0.0627 0.1048 0.0193 0.0347 0.0233 0.0112 0.0152 0.0173 0.0199 0.0146 0.4610 0.2794 0.0808 0.3903 0.3348 0.0469 0.0738 0.0900 0.5022 0.5022 0.5022 0.5022 0.0128 0.0472 0.0305 0.0301 0.0290 0.0279 0.0142 0.0210 0.0561 0.0494 0.4950 0.7062 0.9945 1.2497 1.4518 1.5206 1.5674 1.6230 1.6624 1.7322 1.7611 1.7494 1.7696 1.8082 1.8269 1.8121 1.8193 1.8508 1.8991 1.9333 1.9544 2.0073 2.0637 2.1019
0.1548 0.1910 0.0205 0.0107 0.0173 0.0861 0.0380 0.0299 0.0892 0.0655 0.0670 0.2538 0.0128 0.0248 0.0091 0.0170 0.0175 0.0693 0.0778 0.0406 0.0213 0.0245 0.0151 0.0218 0.0220 0.3589 0.0258 0.1994 0.0403 0.1915 0.0813 0.0268 0.0671 0.0287 0.0337 0.0512 0.0829 0.2155 0.1232 0.1390 0.1232 0.5000 0.5518 0.5676 1.4128 0.0258 0.0222 0.0195 0.0550 0.0487 0.3667 0.8020 1.0822 0.8891 1.2550 1.2992 1.3338 1.4305 1.4158 1.3963 1.4903 1.5976 1.6637 1.7090 1.7684 1.8514 1.9360 2.0058 2.0922 2.2051 2.2445
0.1408 0.0525 0.2936 0.0832 0.1558 0.0827 0.1429 0.1355 0.0099 0.0174 0.0139 0.0137 0.0169 0.0155 0.0182 0.0185 0.0137 0.0138 0.0121 0.0780 0.0344 0.3385 0.1036 0.2358 0.1088 0.1343 0.2922 0.0617 0.0627 0.1597 0.0509 0.0280 0.0201 0.0236 0.0155 0.0480 0.0224 0.0920 0.0198 0.0368 0.0242 0.0208 0.1631 0.0449 0.3091 0.2109 0.6897 0.2428 0.0488 0.0281 0.0231 0.0439 0.0313 0.3683 0.7662 0.9030 0.9253 0.9883 1.0181 0.9726 0.9921 1.6484 1.6978 1.9381 1.4006 1.5080 2.0058 2.0439 2.1395 1.8128 2.2336
0.3119 0.0838 0.0209 0.0187 0.0223 0.1465 0.1935 0.0144 0.0356 0.2334 0.3210 0.0923 0.0961 0.0173 0.1110 0.0129 0.1203 0.0167 0.0121 0.2734 0.0138 0.0990 0.2101 0.1092 0.4453 0.2726 0.0467 0.0770 0.0323 0.1542 0.0252 0.0547 0.2079 0.1607 0.1291 0.2498 0.0628 0.2317 0.1787 0.0900 0.1167 0.3283 0.2775 0.0717 0.3198 0.6584 0.1537 0.1329 0.3755 0.4443 0.3485 0.0619 0.0231 0.0378 0.0346 0.0499 0.1693 0.3904 0.5337 0.4076 0.2154 0.2563 0.3464 0.4230 0.4872 0.5510 0.6189 0.6934 0.7594 0.8203 0.8991
0.0959 0.1722 0.0954 0.3730 0.0971 0.1980 0.0125 0.0236 0.1027 0.1425 0.3170 0.5372 0.6695 0.7201 0.8134 0.7253 0.6772 0.6035 0.5238 0.2749 0.1718 0.0368 0.1494 0.0582 0.4267 0.0883 0.1555 0.0491 0.0425 0.0186 0.0313 0.0194 0.0763 0.1084 0.0721 0.1203 0.2264 0.2394 0.2449 0.2489 0.2425 0.2232 0.2103 0.2281 0.2503 0.2390 0.1913 0.1784 1.1030 0.8349 1.1056 0.2852 0.7858 0.0797 0.0139 0.0166 0.0183 0.0114 0.0299 0.0099 0.0265 0.0277 0.0185 0.1000 0.4011 0.2219 0.0173 0.0166 0.0167 0.0146 0.0404
0.3653 0.2485 0.1252 0.0219 0.1207 0.0452 0.0364 0.0533 0.0294 0.0638 0.0192 0.0506 0.0503 0.0433 0.0488 0.0432 0.0460 0.0455 0.0464 0.0473 0.0488 0.0494 0.0502 0.0533 0.0502 0.0471 0.0440 0.0410 0.0380 0.0351 0.0322 0.0294 0.0266 0.0239 0.0213 0.0188 0.0164 0.0139 0.0116 0.0093 0.0075 0.0171 0.0164 0.0180 0.0168 0.0179 0.0349 0.1357 0.6916 0.0573 0.4956 0.5695 0.6517 0.0980 0.1399 0.3122 0.5934 0.8638 0.6247 0.2310 0.0880 0.0954 0.1259 0.1454 0.1690 0.1917 0.2135 0.2349 0.2558 0.2763 0.2965
0.1537 0.1253 0.1530 0.1719 0.5851 0.0478 0.0583 0.1471 0.1686 0.2536 0.1931 0.1025 0.2789 0.1056 0.0765 0.2275 0.0729 0.1914 0.1229 0.4675 0.1291 0.0579 0.0122 0.0314 0.3198 0.1475 0.0993 0.1071 0.2249 0.0463 0.1070 0.0495 0.1933 0.0261 0.0625 0.0363 0.0749 0.0182 0.0319 0.0105 0.0994 0.0371 0.0434 0.0364 0.0369 0.0217 0.0293 0.1111 0.1514 0.2600 0.1217 0.1112 0.1893 0.0513 0.4550 0.4942 1.1525 1.0620 0.9448 0.4228 0.1064 0.2844 0.0888 0.0379 0.0580 0.0133 0.0294 0.0714 0.0251 0.0669 0.0420
0.0000 0.0000 0.0000 0.0000 0.0000 0.0000 0.0000 0.0000 0.0000 0.0000 0.0000 0.0000 0.0000 0.0000 0.0000 0.0000 0.0000 0.0000 0.0000 0.0000 0.0000 0.0000 0.0000 0.0000 0.0000 0.0000 0.0000 0.0000 0.0000 0.0000 0.0000 0.0000 0.0000 0.0000 0.0000 0.0000 0.0000 0.0000 0.0000 0.0000 0.0000 0.0000 0.0000 0.0000 0.0000 0.0000 0.0000 0.0000 0.0000 0.0000 0.0000 0.0000 0.0000 0.0000 0.0000 0.0000 0.0000 0.0000 0.0000 0.0000 0.0000 0.0000 0.0000 0.0000 0.0000 0.0000 0.0000 0.0000 0.0000 0.0000 0.0000
