tool_adapters/Deltares_HABITAT/example_maps/Tenryuu_river/standard_maps/waterdepth_spawning_mean.asc
ncols          735
nrows          17
xllcorner      -61262.8867
yllcorner      -118292.6406
cellsize       25
[rows 0 to 16 of 17, columns 284 to 354 of 735]
0.0000 0.0000 0.0000 0.0000 0.0000 0.0000 0.0000 0.0000 0.0000 0.0000 0.0000 0.0000 0.0000 0.0000 0.0000 0.0000 0.0000 0.0000 0.0000 0.0000 0.0000 0.0000 0.0000 0.0000 0.0000 0.0000 0.0000 0.0000 0.0000 0.0000 0.0000 0.0000 0.0000 0.0000 0.0000 0.0000 0.0000 0.0000 0.0000 0.0000 0.0000 0.0000 0.0000 0.0000 0.0000 0.0000 0.0000 0.0000 0.0000 0.0000 0.0000 0.0000 0.0000 0.0000 0.0000 0.0000 0.0000 0.0000 0.0000 0.0000 0.0000 0.0000 0.0000 0.0000 0.0000 0.0000 0.0000 0.0000 0.0000 0.0000 0.0000
0.9386 0.3112 0.0157 0.0116 0.0083 0.0084 0.0000 0.0000 0.2303 0.0150 0.0000 0.0000 0.5380 0.4371 0.2505 0.0807 0.0250 0.0363 0.0659 0.0668 0.0324 0.0163 0.0161 0.0192 0.0192 0.0081 0.0000 0.1130 0.1130 0.0392 0.0161 0.0161 0.0154 0.0109 0.0112 0.1755 0.1925 0.0469 0.0287 0.0010 0.0417 0.0636 0.0499 0.0057 0.0212 0.0069 0.0109 0.0622 1.2753 2.2128 2.9650 3.4077 3.4953 3.2850 3.2775 3.6158 2.7713 4.2603 6.4589 6.8183 7.2164 7.4631 7.5326 7.4435 7.1090 6.8446 7.1066 7.6546 8.4714 9.5242 10.2624
1.8012 1.6443 1.5790 1.4802 1.4276 1.3905 1.4418 1.4854 1.4612 1.5151 1.4042 1.2913 1.2195 1.1897 1.1912 1.2247 1.1904 1.1240 1.0691 1.0340 1.0339 1.0564 1.0569 1.1168 1.2196 1.2086 1.2339 1.2542 1.2395 1.2552 1.2641 1.2766 1.2673 1.3033 1.7898 2.3064 1.9700 1.5161 1.3148 1.2924 1.3709 1.4563 1.5090 1.8663 2.1434 2.4910 3.0027 3.5449 3.8892 4.4881 4.9904 5.3063 5.5607 5.9192 6.2918 6.9410 7.3993 7.2650 6.5645 5.7316 5.3115 5.1478 5.0769 5.1898 5.5014 6.4306 7.3154 8.0947 8.7471 9.1658 9.4318
2.5220 2.4491 2.3910 2.3276 2.2959 2.5046 2.5787 2.5762 2.4793 2.3713 2.2674 2.1706 2.1104 2.0639 2.0305 1.9969 2.0485 2.0538 2.0642 2.1103 2.0677 1.9469 1.9002 1.8922 1.8728 1.9225 1.7912 1.7518 1.7294 1.7213 1.7275 1.7342 1.7575 1.7564 1.7172 1.6980 1.7704 1.8473 1.8393 1.7945 1.7665 1.7595 1.7687 2.4333 3.5220 4.2407 4.6532 5.0610 5.3784 5.7367 6.0147 6.0686 6.0943 6.2374 5.9113 5.4411 4.8924 4.4260 4.3609 4.3824 4.5015 4.7504 5.1118 5.7429 7.5343 8.6047 9.3762 9.7185 9.6545 9.3674 9.0448
3.7497 3.8252 3.8503 3.8158 3.7693 3.5959 3.4598 3.2884 3.1346 3.0475 2.9752 2.9373 2.8629 2.7943 2.7382 2.7110 2.6966 2.7675 2.9270 3.4339 3.3723 3.0648 2.9846 2.9261 2.9104 2.8455 2.9819 2.8977 2.8157 2.6545 2.4005 2.2549 2.1016 1.9899 1.9121 1.8667 1.8535 1.8924 1.9483 2.0075 2.0797 2.1498 2.2144 2.2871 3.2014 4.7106 5.2028 4.9203 4.6382 4.4722 4.3660 4.1998 4.0428 3.8410 3.7661 3.7414 3.8467 4.0424 4.2548 4.5124 4.8505 5.2164 6.7114 8.8836 9.8941 10.3042 10.1052 9.5741 8.9877 8.5131 8.1840
3.2882 3.5022 3.7293 3.9494 4.1263 4.2001 4.1804 4.1565 4.1606 4.1169 4.1237 4.1331 4.1694 4.2273 4.3007 4.3965 4.5178 4.6081 4.5630 3.9216 3.8021 3.6961 3.6484 3.6047 3.6011 3.6614 3.7526 3.7909 3.7269 3.6150 3.4643 3.2439 2.9717 2.7073 2.4712 2.2703 2.1831 2.1661 2.1807 2.2269 2.2824 2.3908 2.4835 2.5460 2.7875 3.3662 3.4209 3.4914 3.5582 3.6788 3.8209 3.9370 3.9483 3.9659 3.9833 4.0479 4.2146 4.4587 4.7898 5.0600 5.7698 8.0015 9.8023 10.4821 10.3949 9.6587 8.8019 8.0993 7.6225 7.3622 7.2488
2.4140 2.6161 2.8764 3.0192 3.0662 3.2155 3.4728 3.7310 3.9330 4.0536 4.1476 4.3348 4.5248 4.7165 4.9044 5.0758 5.2083 5.2975 5.3589 5.3813 5.3555 5.3169 5.2873 5.2424 5.1703 5.0557 4.8464 4.6181 4.4011 4.2446 4.0927 3.9531 3.8558 3.8356 3.8579 3.8390 3.8251 3.8114 3.8551 3.9464 4.0029 4.0180 4.0301 4.0447 4.0101 3.9980 3.9781 3.9739 3.9906 4.0128 4.0818 4.1952 4.3539 4.4403 4.4807 4.6572 4.8463 5.1893 5.7676 7.0763 8.9599 10.2502 10.4434 9.8545 8.5860 7.5306 6.8900 6.5826 6.4809 6.4856 6.5564
2.1753 2.2936 2.5783 2.8802 3.0988 3.3187 3.5777 3.7030 3.8916 4.0393 4.1251 4.1194 4.1700 4.2325 4.3133 4.4063 4.5386 4.7676 5.1070 5.2189 5.3339 5.4985 5.6065 5.6223 5.6103 5.5343 5.3584 5.2141 5.1286 4.9823 4.8594 4.7676 4.6605 4.5785 4.5383 4.6959 4.7531 4.7474 4.7759 4.7111 4.6601 4.6161 4.6059 4.5950 4.5797 4.5457 4.5168 4.5353 4.5826 4.6636 4.7532 4.8771 5.0134 5.1796 5.4101 5.7271 6.2178 6.9576 8.1198 9.4557 10.2951 10.0858 8.8673 7.3138 6.3114 5.8321 5.6646 5.6754 5.7261 5.7928 5.8238
3.0179 3.1041 3.2140 3.3437 3.4987 3.5611 3.5657 3.6424 3.7360 3.8355 3.9426 4.0675 4.1933 4.3368 4.5188 4.7331 4.9616 5.1541 5.2832 5.4004 5.5634 5.6706 5.8105 5.8808 5.9182 5.8985 5.9348 5.9801 6.0401 5.9814 6.0792 6.0860 6.0660 6.0279 6.1922 5.9654 5.8163 5.7070 5.6365 5.6033 5.5819 5.5651 5.5449 5.5349 5.5376 5.5564 5.5872 5.6298 5.6933 5.7767 5.8819 5.9974 6.1303 6.3033 6.5634 6.9607 7.5434 8.4046 9.3893 9.8827 9.3702 7.9790 6.4539 5.5435 5.2026 5.1187 5.0755 5.0449 5.0366 5.0125 4.9513
3.9034 3.9529 4.0026 4.1118 4.2847 4.4681 4.6016 4.6947 4.7612 4.8184 4.8846 4.9747 5.1008 5.2599 5.4221 5.5606 5.6617 5.7407 5.7949 5.8337 5.8634 5.9317 6.0437 6.2275 6.4365 6.5785 6.7285 6.8971 7.0147 7.0944 7.2448 7.3865 7.3835 7.1474 6.9017 6.7214 6.5401 6.3940 6.2892 6.2156 6.1646 6.1282 6.1045 6.0945 6.0996 6.1216 6.1619 6.2196 6.2914 6.3760 6.4756 6.6036 6.7792 7.0310 7.3753 7.8408 8.4485 9.0984 9.3667 8.7316 7.3208 5.8374 5.1619 4.9342 4.6751 4.4945 4.3711 4.2675 4.2032 4.1372 4.0693
4.6456 4.5578 4.5443 4.6371 4.8380 5.0532 5.1832 5.2532 5.3313 5.4387 5.5744 5.7287 5.8638 5.9051 5.8749 5.8232 5.7666 5.7286 5.7175 5.7362 5.7828 5.8451 5.9332 6.0557 6.2357 6.4805 6.7448 7.0271 7.3288 7.5884 7.7540 7.8564 7.8828 7.8043 7.6256 7.4120 7.2140 7.0313 6.8732 6.7539 6.6681 6.6035 6.5586 6.5304 6.5189 6.5252 6.5511 6.5967 6.6637 6.7582 6.8929 7.0797 7.3361 7.6500 8.0131 8.4186 8.7672 8.8240 8.1903 6.8864 5.4837 4.9902 4.6074 4.2247 4.0796 3.9714 3.8432 3.6962 3.5963 3.5445 3.5193
4.7460 4.5914 4.5237 4.6201 4.8178 5.0245 5.2223 5.4124 5.5957 5.7351 5.8329 5.8652 5.7879 5.7237 5.7341 5.8062 5.9151 5.9504 5.9266 5.9060 5.9084 5.9433 6.0032 6.0842 6.2155 6.4285 6.7442 7.1005 7.4116 7.6742 7.8783 8.0296 8.1253 8.1178 8.0227 7.8975 7.7338 7.5585 7.3902 7.2381 7.1138 7.0211 6.9475 6.8940 6.8626 6.8543 6.8713 6.9197 7.0088 7.1521 7.3405 7.5910 7.8500 8.1065 8.3068 8.3784 8.2084 7.6197 6.5471 5.2748 4.8564 4.2952 3.9576 3.8197 3.5562 3.3347 3.1905 3.1485 3.1556 3.1883 3.1677
4.4705 4.3475 4.3701 4.5208 4.6967 4.8501 4.9770 5.1146 5.2744 5.4259 5.5401 5.5871 5.8358 5.9469 6.1516 6.1423 6.0542 6.0569 5.9930 5.9622 5.9667 6.0085 6.1244 6.3757 6.7119 7.0410 7.2038 7.2799 7.4101 7.5515 7.7115 7.8844 8.0324 8.1473 8.2266 8.1833 8.0712 7.9310 7.7794 7.6294 7.4848 7.3633 7.2711 7.2057 7.1683 7.1606 7.1896 7.2713 7.4153 7.5889 7.8217 7.9219 8.0270 8.0383 7.8779 7.5420 6.9597 6.1935 5.1299 4.7651 4.1242 3.8333 3.5661 3.1579 2.8429 2.7179 2.7058 2.7457 2.6127 2.4741 2.3394
4.4624 4.3960 4.4265 4.4460 4.3641 4.0923 3.9100 3.6971 3.5053 2.9515 2.8317 2.6571 2.1306 1.8904 1.2635 2.2092 3.0339 4.1291 4.5800 4.8394 5.0780 5.3681 5.5513 5.5722 5.5381 5.5086 5.7054 6.0277 6.2823 6.6550 6.9712 7.2015 7.5790 8.2136 8.2502 8.2618 8.2351 8.1402 8.0282 7.9105 7.7859 7.6653 7.5799 7.5208 7.4915 7.4981 7.5527 7.6566 7.7957 8.0169 7.6657 7.6015 7.5293 7.2319 6.7783 6.2182 5.6771 4.9373 4.6274 3.9840 3.6199 3.1327 2.5004 2.0800 1.8822 1.7758 1.6893 0.8991 0.7663 0.6306 1.4659
3.7826 3.8819 3.1706 2.6677 2.4854 2.3305 1.8617 1.5345 1.2796 1.5385 1.3535 0.4395 0.0000 0.0000 0.0000 0.0000 0.0000 0.0000 0.0000 0.0000 0.0000 0.0498 0.0466 0.6213 0.9129 1.2533 2.0113 2.5853 3.0701 3.9227 4.6973 5.2021 5.9216 6.7870 7.4346 7.9127 8.0236 8.0811 8.1041 8.0856 8.0282 7.9563 7.8802 7.8177 7.7586 7.6949 7.6124 7.4714 7.0875 6.4025 7.1551 7.7997 7.5203 6.4279 5.6767 5.2427 4.8221 4.4839 3.8929 3.3179 2.4544 1.6329 1.3854 0.0244 0.1973 0.2273 0.0000 0.0000 0.0000 0.0000 0.0000
2.8464 2.6351 2.4055 1.1631 0.0158 0.0297 0.0000 0.0000 0.0000 0.0000 0.0000 0.0000 0.0000 0.0000 0.0000 0.0000 0.0000 0.0000 0.0000 0.0000 0.0000 0.0000 0.0000 0.0000 0.0000 0.0000 0.4673 1.5166 2.1505 3.0233 3.9621 4.5021 5.1499 5.9048 6.3859 6.9626 7.5173 7.8314 8.0107 8.1141 8.1454 8.1303 8.0688 7.9495 7.7871 7.5831 7.3302 7.0267 6.7147 6.1840 4.8886 3.7800 3.1477 3.5869 5.0450 7.0764 4.6466 4.4685 2.1326 1.4720 0.0000 0.0386 0.0806 0.0000 0.0000 0.0000 0.0000 0.0000 0.0000 0.0000 0.0000
0.0000 0.0000 0.0000 0.0000 0.0000 0.0000 0.0000 0.0000 0.0000 0.0000 0.0000 0.0000 0.0000 0.0000 0.0000 0.0000 0.0000 0.0000 0.0000 0.0000 0.0000 0.0000 0.0000 0.0000 0.0000 0.0000 0.0000 0.0000 0.0000 0.0000 0.0000 0.0000 0.0000 0.0000 0.0000 0.0000 0.0000 0.0000 0.0000 0.0000 0.0000 0.0000 0.0000 0.0000 0.0000 0.0000 0.0000 0.0000 0.0000 0.0000 0.0000 0.0000 0.0000 0.0000 0.0000 0.0000 0.0000 0.0000 0.0000 0.0000 0.0000 0.0000 0.0000 0.0000 0.0000 0.0000 0.0000 0.0000 0.0000 0.0000 0.0000
