tool_adapters/Deltares_HABITAT/example_maps/Tenryuu_river/standard_maps/waterdepth_feeding_mean.asc
ncols          735
nrows          17
xllcorner      -61262.8867
yllcorner      -118292.6406
cellsize       25
[rows 0 to 16 of 17, columns 568 to 638 of 735]
0.0000 0.0000 0.0000 0.0000 0.0000 0.0000 0.0000 0.0000 0.0000 0.0000 0.0000 0.0000 0.0000 0.0000 0.0000 0.0000 0.0000 0.0000 0.0000 0.0000 0.0000 0.0000 0.0000 0.0000 0.0000 0.0000 0.0000 0.0000 0.0000 0.0000 0.0000 0.0000 0.0000 0.0000 0.0000 0.0000 0.0000 0.0000 0.0000 0.0000 0.0000 0.0000 0.0000 0.0000 0.0000 0.0000 0.0000 0.0000 0.0000 0.0000 0.0000 0.0000 0.0000 0.0000 0.0000 0.0000 0.0000 0.0000 0.0000 0.0000 0.0000 0.0000 0.0000 0.0000 0.0000 0.0000 0.0000 0.0000 0.0000 0.0000 0.0000
0.1739 0.1773 0.1895 0.1553 0.0923 0.1600 0.2165 0.1536 0.1738 0.0000 0.2575 0.1882 0.0578 0.0000 0.0000 0.0000 0.0000 0.0000 0.0000 0.0000 0.0000 0.0000 0.0000 0.1621 0.1854 0.1608 0.1351 0.2092 0.1179 0.1791 0.1707 0.4345 0.1859 0.0917 0.1477 0.1448 0.0744 0.0000 0.1910 0.1736 0.0719 0.1610 0.2375 0.1763 0.1211 0.2005 0.1962 0.0966 0.2824 0.0351 0.4216 0.1316 0.1304 0.1302 0.1378 0.1319 0.1330 0.1267 0.1332 0.1228 0.1208 0.0810 0.1311 0.0333 0.0859 0.2981 0.1374 0.1402 0.1395 0.1396 0.1331
0.1947 0.2140 0.0439 0.0534 0.0513 0.0832 0.0933 0.1636 0.1988 0.1990 0.2003 0.1799 0.1680 0.0705 0.1106 0.1182 0.2010 0.2565 0.0552 0.1928 0.2313 0.3967 0.1722 0.1171 0.0273 0.1140 0.0928 0.0590 0.0474 0.1005 0.1055 0.1108 0.1164 0.1164 0.1195 0.1811 0.4739 0.0621 0.1930 0.1821 0.1785 0.1723 0.1549 0.1484 0.1422 0.1344 0.1342 0.1396 0.1289 0.1320 0.1250 0.1229 0.1297 0.1240 0.1244 0.1255 0.0623 0.0569 0.0666 0.0588 0.0834 0.0816 0.2767 0.1430 0.1474 0.1246 0.1998 0.1690 0.1978 0.2079 0.2337
1.0458 1.6978 2.6028 3.1550 3.0299 3.0058 3.0323 3.0872 2.8107 2.8088 2.7499 2.6605 2.0910 2.1507 1.5597 0.9702 0.4907 0.1740 0.1969 0.0338 0.1035 0.1068 0.0472 0.0893 0.1000 0.1837 0.0409 0.3319 0.4025 0.3680 0.3604 0.3563 0.3503 0.3330 0.2818 0.0569 0.1428 0.1820 0.1180 0.1368 0.1347 0.1378 0.1389 0.1359 0.1308 0.1275 0.1201 0.1237 0.1252 0.1179 0.1126 0.0506 0.0582 0.0645 0.0829 0.0895 0.0942 0.0938 0.0876 0.0864 0.0970 0.8196 0.2398 0.4494 0.5340 0.6009 0.6541 0.8856 0.9357 0.9912 1.0333
3.8499 4.0297 3.8879 3.7525 3.6350 3.6345 3.7363 3.8934 4.1002 4.1650 4.1983 4.1622 4.1011 3.9768 3.8795 3.8306 3.6129 3.4767 2.7034 2.1640 1.6260 1.6083 1.3620 1.2574 0.8895 0.5755 0.6683 0.9477 1.0356 1.0044 0.9934 0.9308 0.6198 0.5617 0.4815 0.2658 0.0832 0.1309 0.1282 0.1570 0.1495 0.1406 0.1394 0.2710 0.1152 0.0304 0.1864 0.0305 0.0470 0.0331 0.0949 0.0560 0.0795 0.0984 0.1103 0.1158 0.1199 0.1125 0.1212 0.1268 0.1295 0.5429 0.2107 0.5899 0.8222 0.9891 1.1392 1.2864 1.4086 1.4828 1.5536
4.7069 4.7023 4.6695 4.7149 4.8017 4.8662 4.8510 4.7462 4.6134 4.5211 4.4310 4.3700 4.3319 4.3543 4.3219 4.2204 4.1153 4.0975 4.0855 3.9835 3.8074 3.5964 3.3521 3.2251 3.1155 2.8675 2.4913 2.2847 2.0704 1.7543 1.5033 1.3400 1.1702 1.0215 0.7884 0.4766 0.3104 0.1954 0.1315 0.0905 0.0652 0.0538 0.0544 0.0575 0.0590 0.0547 0.0800 0.0593 0.0838 0.0873 0.0957 0.1105 0.1287 0.1386 0.1456 0.1469 0.1461 0.1454 0.1570 0.1509 0.1588 0.1240 0.8906 0.2366 0.4271 0.4768 0.4564 0.3560 0.3092 0.3827 0.5416
4.6897 4.6411 4.6139 4.5968 4.5940 4.5368 4.4597 4.4001 4.3499 4.2943 4.2626 4.2277 4.1933 4.1448 4.1040 4.0709 4.0223 3.9927 4.0138 4.0690 4.1048 4.1381 4.1643 4.1525 4.0824 3.9547 3.8059 3.5701 3.1730 2.8425 2.4928 2.0133 1.8535 1.7385 1.6771 1.6225 1.3652 1.1594 0.8344 0.5152 0.3665 0.2186 0.1271 0.1598 0.2282 0.2382 0.1951 0.2413 0.2178 0.1669 0.1698 0.2059 0.2088 0.1811 0.1951 0.1804 0.1707 0.1665 0.1612 0.1488 0.1503 0.1380 0.1520 0.2138 0.1787 0.2413 0.1448 0.1589 0.1774 0.3735 0.2120
4.0255 4.0295 4.0216 3.9696 3.8625 3.7779 3.6289 3.4622 3.3648 3.3186 3.2984 3.3511 3.4263 3.4733 3.4993 3.5282 3.5819 3.6301 3.6673 3.6920 3.7266 3.7783 3.8538 3.9496 4.0597 4.1745 4.2701 4.3285 4.2813 4.1084 3.7942 3.3809 2.8793 2.4901 2.3097 2.1989 2.2496 2.3236 2.1431 2.1124 2.2022 2.2657 2.1821 1.7177 1.0012 0.6316 0.4314 0.3429 0.4124 0.3696 0.3312 0.2886 0.3255 0.3498 0.3283 0.3317 0.3377 0.2655 0.1987 0.1879 0.1684 0.1868 0.1782 0.1738 0.1472 0.1556 0.3258 0.2003 0.2253 0.2775 0.3686
3.0039 2.9290 2.8753 2.8373 2.8189 2.8338 3.0134 3.0307 2.9605 2.8443 2.7852 2.7221 2.7731 2.9550 3.0612 3.1261 3.1521 3.1740 3.1992 3.2239 3.2296 3.2387 3.2497 3.2816 3.3485 3.4414 3.5894 3.8054 4.1253 4.4074 4.5342 4.4308 4.1047 3.6915 3.3504 3.1340 2.9783 2.7613 2.9132 3.1851 3.2205 3.1176 3.0016 2.8032 2.7460 2.7003 2.6086 2.4751 2.3441 1.5540 1.3697 1.2155 1.3399 0.9280 1.3128 1.0322 0.9735 0.9324 1.9371 0.8563 0.7095 0.7031 0.6676 0.7117 0.8289 1.0585 2.5134 3.1255 4.2852 4.6685 4.0433
2.3377 2.2214 2.1531 2.1235 2.1356 2.1355 2.1667 2.2744 2.3779 2.4102 2.4586 2.4801 2.4710 2.4981 2.6136 2.6842 2.7016 2.6876 2.6617 2.6485 2.6434 2.6564 2.7039 2.7813 2.9620 3.1214 3.2186 3.3070 3.2802 3.4736 3.6889 4.0810 4.4036 4.4640 4.2945 4.0351 3.8233 3.8347 4.0844 3.9312 3.9309 3.9873 4.0762 4.1605 4.1505 4.0552 3.9660 3.9535 3.9598 3.9461 3.9206 4.0092 4.2398 4.7421 4.9433 5.0362 5.0160 5.0761 4.4982 5.1626 4.8003 2.8775 1.7288 3.8630 4.8331 4.6913 4.6084 4.2354 4.4816 4.8911 4.4400
1.7972 1.7834 1.7250 1.6715 1.6660 1.6979 1.7770 1.8914 1.9557 2.0480 2.1246 2.1888 2.2085 2.1904 2.1581 2.1201 2.0860 2.0543 2.0663 2.0488 2.1021 2.1689 2.2460 2.0281 1.6915 1.4188 0.8980 0.8614 1.6263 2.9338 2.6652 2.7170 3.1954 3.6536 4.0807 4.4141 4.7780 4.9922 4.8875 4.8500 4.8808 4.8754 4.7677 4.6222 4.4493 4.3533 4.3297 4.3143 4.3934 4.6073 4.9994 5.4663 5.8245 5.8145 5.7641 5.6313 5.5047 5.2439 4.9555 5.1735 5.0877 4.6064 4.7559 5.4250 5.2416 4.9641 4.8701 4.2832 1.7568 1.3862 1.1764
1.3906 1.3840 1.4094 1.4358 1.4155 1.3854 1.3712 1.3672 1.3527 1.3460 1.3476 1.3560 1.3237 1.2465 1.2392 1.2824 1.3385 1.3255 1.3426 1.3694 1.4228 1.5400 1.7772 2.1254 2.1406 1.9627 1.1201 0.5632 0.8541 3.1226 3.5411 3.6706 3.9278 4.1198 4.5839 4.8570 5.0459 5.0140 5.3684 5.4297 5.0263 4.6697 4.5125 4.3996 4.4915 4.5819 4.5870 4.7108 5.0543 5.4564 5.6524 5.6735 5.5820 5.3616 4.9939 4.8393 4.8543 4.9711 4.9645 4.8924 4.6843 4.2395 3.9594 3.7338 1.7271 1.5387 1.3482 1.1661 1.0975 1.0685 1.0697
1.1759 1.1617 1.1143 1.0290 0.9631 0.9264 0.8809 0.8434 0.8142 0.8004 0.7556 0.7419 0.7523 0.6351 0.6208 0.6391 0.7296 0.7899 0.8074 0.8373 0.8427 0.8797 1.2560 1.9172 2.4081 2.3932 2.4402 2.4528 1.2483 0.9035 0.7401 0.5191 0.6326 0.9274 0.9714 1.2023 1.2427 1.1210 1.7608 2.4881 2.9465 3.4414 3.5709 3.5559 3.5838 3.7254 4.0413 4.2289 4.1026 3.9329 3.7422 3.5425 3.3399 2.9574 3.1524 3.0503 2.7433 1.9101 1.8683 1.7052 1.5149 1.3761 1.2582 1.1696 1.0216 1.0830 0.9339 0.8527 0.7194 0.7038 0.6838
0.5840 0.5597 0.5424 0.5243 0.4972 0.3335 0.2929 0.2134 0.1494 0.2769 0.1530 0.0890 0.0553 0.0872 0.0409 0.1030 0.0446 0.0559 0.0943 0.0653 0.0666 0.1146 0.4761 2.0507 2.9091 2.2462 0.2413 0.2854 0.3336 0.2729 0.2559 0.2780 0.2543 0.2880 0.3158 0.3509 0.3989 0.4175 0.4409 0.4478 0.5844 0.8008 2.9374 3.4248 3.3133 3.2278 3.1681 3.1063 2.8814 2.4181 1.9241 1.4974 1.1261 0.9154 0.7718 0.7261 0.7134 0.7342 0.7134 0.7590 0.7226 0.6834 0.6461 0.6165 0.6301 0.4858 0.3857 0.3491 0.2958 0.1668 0.1958
0.4390 0.3760 0.3627 0.3216 0.2061 0.0788 0.2515 0.8072 0.1540 0.4042 0.4502 0.1566 0.7769 0.7003 0.7057 0.6478 0.5865 0.5221 0.4548 0.3846 0.3113 0.2330 0.1503 0.1779 0.0406 0.0306 0.0316 0.0286 0.0582 0.0403 0.0339 0.0264 0.0189 0.0115 0.0089 0.0091 0.0091 0.0090 0.0089 0.0087 0.0085 1.6826 0.9227 0.2152 0.5053 0.9340 1.4277 1.4307 1.2121 0.8910 0.6154 0.4375 0.3238 0.2521 0.2063 0.1957 0.2792 0.2714 0.3354 0.3681 0.3781 0.3810 0.3809 0.3448 0.2848 0.1465 0.0733 0.0505 0.0276 0.1595 0.1170
0.2110 0.1351 0.0831 0.1625 0.1012 0.1480 0.1945 0.1976 0.2495 0.1229 0.2936 0.2014 0.1656 0.0000 0.0000 0.2121 0.0000 0.0000 0.0000 0.0000 0.0000 0.0000 0.0000 0.0000 0.0074 0.0043 0.0000 0.0000 0.0000 0.0000 0.0000 0.0000 0.0000 0.0000 0.0000 0.0000 0.0000 0.0994 0.4604 0.2572 0.3632 0.1005 0.3156 0.2178 0.2004 0.1856 0.1420 0.1318 0.0803 0.0822 0.1691 0.1105 0.0905 0.0697 0.4003 0.1928 0.2244 0.1156 0.1163 0.0762 0.0478 0.1263 0.0931 0.0832 0.1401 0.0696 0.0596 0.0169 0.1418 0.1496 0.1713
0.0000 0.0000 0.0000 0.0000 0.0000 0.0000 0.0000 0.0000 0.0000 0.0000 0.0000 0.0000 0.0000 0.0000 0.0000 0.0000 0.0000 0.0000 0.0000 0.0000 0.0000 0.0000 0.0000 0.0000 0.0000 0.0000 0.0000 0.0000 0.0000 0.0000 0.0000 0.0000 0.0000 0.0000 0.0000 0.0000 0.0000 0.0000 0.0000 0.0000 0.0000 0.0000 0.0000 0.0000 0.0000 0.0000 0.0000 0.0000 0.0000 0.0000 0.0000 0.0000 0.0000 0.0000 0.0000 0.0000 0.0000 0.0000 0.0000 0.0000 0.0000 0.0000 0.0000 0.0000 0.0000 0.0000 0.0000 0.0000 0.0000 0.0000 0.0000
