tool_adapters/Deltares_HABITAT/example_maps/Tenryuu_river/standard_maps/waterdepth_egg_min.asc
ncols          735
nrows          17
xllcorner      -61262.8867
yllcorner      -118292.6406
cellsize       25
[rows 0 to 16 of 17, columns 284 to 354 of 735]
0.0000 0.0000 0.0000 0.0000 0.0000 0.0000 0.0000 0.0000 0.0000 0.0000 0.0000 0.0000 0.0000 0.0000 0.0000 0.0000 0.0000 0.0000 0.0000 0.0000 0.0000 0.0000 0.0000 0.0000 0.0000 0.0000 0.0000 0.0000 0.0000 0.0000 0.0000 0.0000 0.0000 0.0000 0.0000 0.0000 0.0000 0.0000 0.0000 0.0000 0.0000 0.0000 0.0000 0.0000 0.0000 0.0000 0.0000 0.0000 0.0000 0.0000 0.0000 0.0000 0.0000 0.0000 0.0000 0.0000 0.0000 0.0000 0.0000 0.0000 0.0000 0.0000 0.0000 0.0000 0.0000 0.0000 0.0000 0.0000 0.0000 0.0000 0.0000
0.7900 0.1571 0.0157 0.0116 0.0083 0.0084 0.0000 0.0000 0.0728 0.0150 0.0000 0.0000 0.3836 0.2793 0.0927 0.0097 0.0079 0.0084 0.0151 0.0158 0.0084 0.0083 0.0161 0.0192 0.0192 0.0081 0.0000 0.1130 0.1130 0.0392 0.0161 0.0161 0.0154 0.0109 0.0112 0.1755 0.1922 0.0469 0.0287 0.0010 0.0417 0.0636 0.0499 0.0057 0.0212 0.0069 0.0109 0.0110 1.1170 2.0545 2.8068 3.2495 3.3371 3.1268 3.1193 3.4576 2.6129 4.1016 6.3002 6.6596 7.0570 7.3037 7.3731 7.2839 6.9491 6.6846 6.9466 7.4947 8.3114 9.3642 10.1024
1.6466 1.4895 1.4236 1.3243 1.2719 1.2355 1.2884 1.3322 1.3085 1.3622 1.2510 1.1379 1.0662 1.0361 1.0373 1.0706 1.0364 0.9696 0.9145 0.8791 0.8789 0.9009 0.9001 0.9590 1.0623 1.0502 1.0748 1.0947 1.0794 1.0948 1.1034 1.1156 1.1057 1.1427 1.6290 2.1483 1.8104 1.3548 1.1529 1.1308 1.2091 1.2947 1.3481 1.7074 1.9848 2.3326 2.8443 3.3865 3.7310 4.3299 4.8322 5.1482 5.4025 5.7610 6.1337 6.7827 7.2409 7.1066 6.4059 5.5725 5.1522 4.9883 4.9170 5.0298 5.3412 6.2704 7.1554 7.9347 8.5870 9.0057 9.2715
2.3667 2.2937 2.2356 2.1720 2.1408 2.3519 2.4261 2.4234 2.3264 2.2183 2.1142 2.0171 1.9567 1.9101 1.8765 1.8427 1.8942 1.8995 1.9097 1.9557 1.9130 1.7917 1.7442 1.7349 1.7145 1.7640 1.6323 1.5921 1.5693 1.5607 1.5663 1.5728 1.5956 1.5946 1.5563 1.5375 1.6098 1.6861 1.6776 1.6328 1.6046 1.5976 1.6071 2.2741 3.3633 4.0823 4.4949 4.9027 5.2202 5.5784 5.8565 5.9104 5.9361 6.0792 5.7531 5.2828 4.7340 4.2675 4.2021 4.2232 4.3420 4.5906 4.9518 5.5828 7.3742 8.4448 9.2162 9.5584 9.4944 9.2070 8.8842
3.5950 3.6706 3.6958 3.6614 3.6152 3.4415 3.3050 3.1332 2.9791 2.8919 2.8195 2.7817 2.7071 2.6383 2.5822 2.5552 2.5408 2.6123 2.7719 3.2792 3.2178 2.9080 2.8266 2.7675 2.7515 2.6863 2.8230 2.7382 2.6559 2.4944 2.2394 2.0936 1.9394 1.8276 1.7499 1.7050 1.6927 1.7321 1.7874 1.8461 1.9180 1.9879 2.0527 2.1258 3.0421 4.5520 5.0445 4.7621 4.4800 4.3140 4.2079 4.0417 3.8846 3.6828 3.6079 3.5831 3.6876 3.8836 4.0957 4.3531 4.6909 5.0566 6.5514 8.7237 9.7342 10.1441 9.9451 9.4138 8.8273 8.3525 8.0234
3.1341 3.3478 3.5748 3.7948 3.9719 4.0459 4.0259 4.0017 4.0058 3.9619 3.9687 3.9780 4.0141 4.0723 4.1460 4.2424 4.3640 4.4544 4.4088 3.7644 3.6446 3.5381 3.4901 3.4461 3.4423 3.5023 3.5932 3.6310 3.5665 3.4543 3.3032 3.0820 2.8092 2.5447 2.3087 2.1075 2.0211 2.0048 2.0197 2.0656 2.1208 2.2289 2.3215 2.3841 2.6266 3.2073 3.2625 3.3327 3.3990 3.5206 3.6627 3.7788 3.7902 3.8078 3.8238 3.8894 4.0558 4.2998 4.6306 4.9006 5.6101 7.8416 9.6425 10.3221 10.2348 9.4984 8.6416 7.9388 7.4619 7.2015 7.0880
2.2602 2.4620 2.7221 2.8648 2.9116 3.0607 3.3181 3.5769 3.7792 3.8995 3.9929 4.1799 4.3699 4.5617 4.7496 4.9209 5.0531 5.1417 5.2024 5.2243 5.1982 5.1593 5.1293 5.0841 5.0115 4.8966 4.6867 4.4581 4.2406 4.0837 3.9315 3.7915 3.6937 3.6732 3.6954 3.6772 3.6643 3.6518 3.6965 3.7869 3.8424 3.8569 3.8689 3.8835 3.8492 3.8385 3.8193 3.8151 3.8319 3.8542 3.9232 4.0366 4.1954 4.2818 4.3221 4.4985 4.6874 5.0301 5.6082 6.9168 8.8003 10.0904 10.2834 9.6944 8.4258 7.3702 6.7294 6.4220 6.3202 6.3248 6.3954
2.0217 2.1396 2.4241 2.7267 2.9462 3.1664 3.4257 3.5508 3.7393 3.8867 3.9720 3.9647 4.0146 4.0768 4.1574 4.2502 4.3823 4.6110 4.9503 5.0618 5.1764 5.3408 5.4486 5.4640 5.4517 5.3752 5.1988 5.0541 4.9685 4.8216 4.6986 4.6067 4.4992 4.4170 4.3768 4.5344 4.5915 4.5861 4.6154 4.5504 4.4993 4.4550 4.4447 4.4337 4.4183 4.3844 4.3558 4.3758 4.4237 4.5047 4.5944 4.7183 4.8546 5.0208 5.2513 5.5682 6.0588 6.7984 7.9605 9.2962 10.1353 9.9259 8.7072 7.1535 6.1507 5.6714 5.5039 5.5147 5.5652 5.6320 5.6630
2.8645 2.9507 3.0608 3.1911 3.3469 3.4094 3.4136 3.4900 3.5835 3.6826 3.7891 3.9131 4.0383 4.1814 4.3631 4.5772 4.8055 4.9977 5.1265 5.2433 5.4061 5.5129 5.6525 5.7223 5.7593 5.7390 5.7750 5.8202 5.8801 5.8207 5.9189 5.9255 5.9053 5.8667 6.0313 5.8039 5.6545 5.5454 5.4752 5.4422 5.4211 5.4046 5.3845 5.3744 5.3771 5.3958 5.4264 5.4690 5.5329 5.6175 5.7231 5.8386 5.9714 6.1445 6.4045 6.8017 7.3843 8.2454 9.2299 9.7231 9.2105 7.8190 6.2927 5.3811 5.0410 4.9580 4.9147 4.8841 4.8758 4.8518 4.7905
3.7506 3.8001 3.8499 3.9595 4.1332 4.3168 4.4502 4.5432 4.6096 4.6666 4.7326 4.8223 4.9477 5.1059 5.2672 5.4050 5.5058 5.5845 5.6384 5.6769 5.7062 5.7740 5.8856 6.0688 6.2773 6.4185 6.5682 6.7367 6.8542 6.9334 7.0845 7.2262 7.2232 6.9864 6.7406 6.5597 6.3783 6.2322 6.1276 6.0541 6.0034 5.9674 5.9439 5.9341 5.9393 5.9613 6.0015 6.0590 6.1307 6.2152 6.3149 6.4437 6.6200 6.8721 7.2164 7.6818 8.2894 8.9391 9.2073 8.5720 7.1606 5.6750 4.9990 4.7722 4.5143 4.3338 4.2103 4.1068 4.0425 3.9765 3.9086
4.4939 4.4058 4.3921 4.4853 4.6870 4.9022 5.0321 5.1019 5.1799 5.2871 5.4227 5.5768 5.7117 5.7525 5.7206 5.6678 5.6108 5.5725 5.5612 5.5796 5.6259 5.6877 5.7753 5.8971 6.0765 6.3205 6.5844 6.8665 7.1680 7.4274 7.5931 7.6956 7.7220 7.6433 7.4644 7.2507 7.0526 6.8698 6.7117 6.5926 6.5070 6.4426 6.3979 6.3700 6.3586 6.3650 6.3908 6.4364 6.5032 6.5975 6.7321 6.9189 7.1757 7.4904 7.8540 8.2596 8.6081 8.6648 8.0310 6.7260 5.3212 4.8274 4.4448 4.0633 3.9190 3.8107 3.6826 3.5355 3.4357 3.3838 3.3587
4.5959 4.4409 4.3729 4.4694 4.6670 4.8736 5.0714 5.2614 5.4446 5.5839 5.6815 5.7136 5.6360 5.5714 5.5808 5.6516 5.7601 5.7952 5.7709 5.7499 5.7519 5.7863 5.8456 5.9258 6.0564 6.2689 6.5842 6.9401 7.2508 7.5133 7.7171 7.8684 7.9641 7.9568 7.8619 7.7365 7.5726 7.3973 7.2289 7.0769 6.9527 6.8602 6.7868 6.7335 6.7022 6.6940 6.7110 6.7593 6.8484 6.9916 7.1800 7.4304 7.6894 7.9464 8.1475 8.2195 8.0494 7.4607 6.3872 5.1125 4.6939 4.1324 3.7956 3.6591 3.3955 3.1741 3.0300 2.9879 2.9953 3.0279 3.0071
4.3208 4.1976 4.2200 4.3705 4.5462 4.6996 4.8265 4.9640 5.1236 5.2750 5.3890 5.4357 5.6841 5.7947 5.9993 5.9898 5.9013 5.9038 5.8397 5.8087 5.8123 5.8525 5.9674 6.2182 6.5538 6.8824 7.0445 7.1198 7.2495 7.3907 7.5505 7.7232 7.8712 7.9867 8.0658 8.0224 7.9102 7.7700 7.6183 7.4682 7.3237 7.2023 7.1103 7.0450 7.0077 7.0002 7.0292 7.1109 7.2549 7.4287 7.6611 7.7615 7.8665 7.8783 7.7189 7.3833 6.8008 6.0343 4.9682 4.6032 3.9619 3.6725 3.4055 2.9971 2.6823 2.5574 2.5455 2.5853 2.4522 2.3135 2.1788
4.3134 4.2467 4.2769 4.2962 4.2142 3.9421 3.7582 3.5472 3.3553 2.8013 2.6813 2.5064 1.9791 1.7387 1.1079 2.0549 2.8806 3.9758 4.4268 4.6860 4.9245 5.2143 5.3970 5.4185 5.3838 5.3519 5.5473 5.8692 6.1236 6.4958 6.8117 7.0413 7.4186 8.0540 8.0890 8.1005 8.0737 7.9789 7.8669 7.7492 7.6247 7.5042 7.4190 7.3600 7.3309 7.3377 7.3924 7.4962 7.6352 7.8558 7.5063 7.4416 7.3688 7.0715 6.6195 6.0596 5.5184 4.7780 4.4675 3.8231 3.4598 2.9725 2.3396 1.9189 1.7216 1.6158 1.5296 0.7388 0.6059 0.4695 1.3050
3.6339 3.7332 3.0216 2.5181 2.3336 2.1809 1.7120 1.3846 1.1295 1.3883 1.2034 0.2853 0.0000 0.0000 0.0000 0.0000 0.0000 0.0000 0.0000 0.0000 0.0000 0.0498 0.0113 0.4655 0.7571 1.0947 1.8526 2.4259 2.9104 3.7624 4.5371 5.0416 5.7605 6.6259 7.2731 7.7510 7.8614 7.9189 7.9419 7.9236 7.8665 7.7949 7.7190 7.6567 7.5980 7.5346 7.4524 7.3113 6.9265 6.2394 6.9943 7.6386 7.3612 6.2705 5.5186 5.0842 4.6636 4.3253 3.7336 3.1581 2.2944 1.4731 1.2261 0.0104 0.1973 0.2273 0.0000 0.0000 0.0000 0.0000 0.0000
2.6975 2.4864 2.2568 1.0141 0.0158 0.0297 0.0000 0.0000 0.0000 0.0000 0.0000 0.0000 0.0000 0.0000 0.0000 0.0000 0.0000 0.0000 0.0000 0.0000 0.0000 0.0000 0.0000 0.0000 0.0000 0.0000 0.3065 1.3592 1.9931 2.8633 3.8018 4.3415 4.9887 5.7433 6.2238 6.8004 7.3549 7.6689 7.8479 7.9514 7.9832 7.9686 7.9076 7.7888 7.6266 7.4228 7.1701 6.8665 6.5544 6.0228 4.7276 3.6176 2.9847 3.4260 4.8860 6.9174 4.4886 4.3111 1.9742 1.3137 0.0000 0.0386 0.0806 0.0000 0.0000 0.0000 0.0000 0.0000 0.0000 0.0000 0.0000
0.0000 0.0000 0.0000 0.0000 0.0000 0.0000 0.0000 0.0000 0.0000 0.0000 0.0000 0.0000 0.0000 0.0000 0.0000 0.0000 0.0000 0.0000 0.0000 0.0000 0.0000 0.0000 0.0000 0.0000 0.0000 0.0000 0.0000 0.0000 0.0000 0.0000 0.0000 0.0000 0.0000 0.0000 0.0000 0.0000 0.0000 0.0000 0.0000 0.0000 0.0000 0.0000 0.0000 0.0000 0.0000 0.0000 0.0000 0.0000 0.0000 0.0000 0.0000 0.0000 0.0000 0.0000 0.0000 0.0000 0.0000 0.0000 0.0000 0.0000 0.0000 0.0000 0.0000 0.0000 0.0000 0.0000 0.0000 0.0000 0.0000 0.0000 0.0000
