tool_adapters/Deltares_HABITAT/example_maps/Tenryuu_river/standard_maps/waterdepth_spawning_mean.asc
ncols          735
nrows          17
xllcorner      -61262.8867
yllcorner      -118292.6406
cellsize       25
[rows 0 to 16 of 17, columns 0 to 70 of 735]
0.0000 0.0000 0.0000 0.0000 0.0000 0.0000 0.0000 0.0000 0.0000 0.0000 0.0000 0.0000 0.0000 0.0000 0.0000 0.0000 0.0000 0.0000 0.0000 0.0000 0.0000 0.0000 0.0000 0.0000 0.0000 0.0000 0.0000 0.0000 0.0000 0.0000 0.0000 0.0000 0.0000 0.0000 0.0000 0.0000 0.0000 0.0000 0.0000 0.0000 0.0000 0.0000 0.0000 0.0000 0.0000 0.0000 0.0000 0.0000 0.0000 0.0000 0.0000 0.0000 0.0000 0.0000 0.0000 0.0000 0.0000 0.0000 0.0000 0.0000 0.0000 0.0000 0.0000 0.0000 0.0000 0.0000 0.0000 0.0000 0.0000 0.0000 0.0000
0.0000 0.0090 0.0107 0.0141 0.0144 0.0134 0.0139 0.0161 0.0102 0.0256 0.0360 0.0302 0.0000 0.0000 0.0000 0.0000 0.0000 0.0000 0.0000 0.0000 0.0217 0.0231 0.0228 0.0120 0.0200 0.0252 0.0215 0.0210 0.0196 0.0192 0.0131 0.0134 0.0137 0.0141 0.0129 0.0162 0.0118 0.0096 0.0081 0.0079 0.0081 0.0083 0.0092 0.0117 0.0125 0.0650 0.0086 0.0091 0.0117 0.0109 0.0079 0.0084 0.0311 0.0091 0.0094 0.0114 0.0173 0.0213 0.0175 0.0226 0.0219 0.0137 0.7995 0.0308 0.0350 0.0307 0.0349 0.0338 0.0229 0.0269 0.0292
0.0000 1.2447 0.0626 0.0308 0.0264 0.0368 0.0156 0.0357 0.0188 0.1342 0.0418 0.0476 0.0567 0.1064 0.0579 0.0268 0.0219 0.0293 0.0136 0.0137 0.0661 0.0369 0.0180 0.0137 0.0186 0.0263 0.0271 0.0251 0.1036 0.0223 0.0245 0.0191 0.0295 0.0174 0.0182 0.0151 0.0131 0.0194 0.0252 0.0131 0.0301 0.0270 0.0209 0.1008 0.1023 0.0543 0.0445 0.0268 0.0141 0.0117 0.0225 0.0077 0.0482 0.0169 0.0079 0.0365 0.1245 0.0347 0.0313 0.0692 0.0489 0.0436 0.1134 0.0083 0.0093 0.0206 0.0238 0.0259 0.0273 0.0312 0.0317
0.0000 3.5962 0.4073 0.0988 0.0729 0.0681 0.0735 0.0846 0.1120 0.0783 0.0568 0.0623 0.0619 0.0627 0.0730 0.0793 0.0818 0.0661 0.0466 0.0248 0.0158 0.0156 0.0423 0.0147 0.0088 0.0212 0.0641 0.0244 0.0198 0.0195 0.0208 0.0208 0.0196 0.0168 0.0145 0.0107 0.0119 0.0350 0.0157 0.0172 0.0297 0.0178 0.0175 0.0134 0.0196 0.0251 0.0357 0.0206 0.0130 0.0251 0.0361 0.0096 0.0085 0.0130 0.0138 0.0639 0.0311 0.0094 0.0544 0.0372 0.0102 0.0247 0.0292 0.0282 0.0366 0.0478 0.0571 0.0599 0.0668 0.0703 0.0832
2.3057 1.8055 1.0534 0.6740 0.5076 0.4521 0.4073 0.4035 0.3903 0.3159 0.2529 0.1976 0.1498 0.1405 0.1090 0.1006 0.1016 0.0962 0.0822 0.0665 0.0565 0.0442 0.0326 0.0227 0.0179 0.0210 0.0202 0.0401 0.0358 0.0259 0.0315 0.0360 0.0319 0.0238 0.0202 0.0171 0.0202 0.0259 0.0242 0.0272 0.0475 0.0234 0.0297 0.0349 0.0246 0.0208 0.0233 0.0244 0.0127 0.0157 0.0147 0.0081 0.0112 0.0252 0.0209 0.0198 0.0263 0.0184 0.0216 0.0229 0.0753 0.0295 0.0319 0.0495 0.0568 0.0642 0.0768 0.0945 0.1122 0.1980 0.2815
2.6313 3.0983 2.4059 2.1084 1.8820 1.7109 1.5646 1.4177 1.3008 1.1660 0.9943 0.8342 0.6689 0.6073 0.4700 0.3668 0.3113 0.2753 0.2482 0.2454 0.1698 0.1493 0.1097 0.0785 0.0640 0.0772 0.0827 0.0847 0.0694 0.0555 0.0520 0.0509 0.0443 0.0402 0.0266 0.0255 0.0304 0.0298 0.0284 0.0272 0.0291 0.0337 0.0347 0.0362 0.0340 0.0303 0.0311 0.0312 0.0360 0.0349 0.0302 0.0279 0.0250 0.0346 0.0267 0.0288 0.0559 0.0330 0.1013 0.0595 0.0830 0.1173 0.1322 0.1476 0.1829 0.2042 0.2386 0.3445 0.5439 0.7144 0.9090
3.3307 3.5227 3.4874 3.4086 3.2862 3.1470 2.9848 2.8434 2.6381 2.4686 2.3620 2.1870 2.0029 1.5085 1.3902 1.1544 0.9664 0.8702 0.7001 0.6363 0.5537 0.4205 0.3519 0.2616 0.2621 0.2969 0.2132 0.1590 0.1382 0.1271 0.1057 0.0858 0.0713 0.0673 0.0614 0.0614 0.0562 0.0612 0.0594 0.0668 0.0673 0.0721 0.0733 0.0745 0.0817 0.0819 0.0863 0.0941 0.0923 0.1037 0.0889 0.0906 0.1146 0.1187 0.1338 0.1106 0.1294 0.1881 0.2843 0.3140 0.3854 0.4363 0.5493 0.6253 0.6827 0.7377 0.9372 1.2319 1.6457 2.0863 2.5559
3.4437 3.5555 3.8776 3.7836 3.8377 3.8472 3.7617 3.6211 3.4465 3.2478 3.0221 2.8557 2.6934 2.7019 2.4908 2.3206 2.2366 1.9587 1.8375 1.6535 1.4833 1.2720 0.9752 1.0385 1.0930 0.8048 0.6106 0.6005 0.5517 0.4582 0.3970 0.3421 0.3044 0.2813 0.2571 0.2524 0.2575 0.2643 0.2723 0.2822 0.2904 0.3066 0.3087 0.3190 0.3310 0.3390 0.3506 0.3663 0.3729 0.3557 0.3538 0.3398 0.3665 0.3711 0.4320 0.5363 0.6256 0.6676 0.8627 0.9196 0.9620 1.0680 1.1725 1.3093 1.5252 1.8673 2.3501 2.9106 3.2031 3.1437 2.8150
2.9720 3.5618 2.6588 2.5812 2.6389 2.7600 2.9041 3.0243 3.1127 3.1355 3.0956 2.9744 2.8297 2.6877 2.7481 2.7783 2.7436 2.7642 2.6880 2.6273 2.5578 2.4518 2.3204 2.1618 1.8258 1.5551 1.6594 1.4223 1.2403 1.1211 1.0408 0.9891 0.9376 0.9045 0.9135 0.9186 0.9074 0.9144 0.9106 0.9072 0.9077 0.9148 0.9243 0.9312 0.9477 0.9598 0.9723 0.9713 0.9462 0.9227 0.9484 1.0870 1.1434 1.1859 1.3128 1.4292 1.4066 1.5781 1.6110 1.6947 1.8155 1.9622 2.1625 2.4379 2.7717 3.0488 3.0141 2.5663 2.0536 1.6671 1.4614
2.2539 1.8770 1.3576 1.1528 1.1315 1.1761 1.2912 1.4849 1.7222 1.9105 2.0844 2.2596 2.4091 2.3052 2.2337 2.2474 2.3491 2.4475 2.6328 2.7764 2.8848 2.9772 3.0220 2.9710 2.8367 2.6390 2.3731 2.1893 2.0126 1.8745 1.7789 1.7021 1.6546 1.6288 1.6047 1.5743 1.5709 1.5440 1.5283 1.5132 1.5050 1.5032 1.4996 1.5081 1.5114 1.5235 1.5484 1.5843 1.6350 1.7366 1.8920 1.9116 1.9255 1.9721 2.0385 2.0521 2.2251 2.2793 2.4058 2.5059 2.5759 2.6352 2.6756 2.6038 2.4319 2.1539 1.8030 1.4599 1.1149 0.5575 0.3369
0.0000 3.1059 0.3273 0.2133 0.1915 0.1807 0.2051 0.2682 0.3698 0.5223 0.6822 0.8429 1.0264 1.4050 1.5536 1.5564 1.5899 1.6789 1.7536 1.9115 2.0729 2.2365 2.4338 2.6763 2.9240 3.0791 3.1356 3.0552 2.9004 2.7036 2.5169 2.3681 2.2476 2.1517 2.0889 2.0583 2.0231 1.9884 1.9524 1.9259 1.9092 1.9061 1.9242 1.9494 1.9984 2.0639 2.1361 2.2112 2.3281 2.4351 2.4362 2.4880 2.5321 2.4875 2.3400 2.2437 2.0153 1.9876 1.8912 1.9668 2.0452 2.0080 1.8633 1.6483 1.5346 1.0445 0.6556 0.5573 0.4195 0.1550 0.0302
0.0000 0.2130 0.0241 0.0359 0.0755 0.0896 0.1118 0.0284 0.0254 0.0305 0.0559 0.0970 0.1587 0.2899 0.4252 0.6067 0.6915 0.7408 0.8725 0.9745 1.1557 1.2821 1.4595 1.6506 1.8882 2.1570 2.3901 2.6452 2.8376 2.9139 2.8647 2.7486 2.6255 2.5221 2.4306 2.3379 2.2617 2.2081 2.1755 2.1542 2.1525 2.1754 2.2135 2.2823 2.3554 2.4508 2.5505 2.6159 2.5568 2.4242 2.3244 2.0903 1.8311 1.6883 1.6024 1.4976 1.4174 1.1250 1.2247 0.9839 0.9044 1.1024 1.0176 0.6341 0.5557 0.4877 0.2411 0.0543 0.0268 0.0222 0.0312
0.0000 0.0104 0.0271 0.1643 0.0160 0.0167 0.0084 0.0161 0.0141 0.0131 0.0295 0.0293 0.0312 0.0245 0.0316 0.0632 0.1152 0.1670 0.2085 0.3028 0.4137 0.5694 0.6363 0.7961 0.9861 1.2043 1.4678 1.6670 1.9515 2.1548 2.2868 2.3712 2.4142 2.4512 2.4870 2.4687 2.3987 2.3292 2.2648 2.2213 2.1981 2.2109 2.2879 2.3718 2.4704 2.4613 2.2860 2.0507 1.8377 1.4704 1.0456 0.8304 0.6599 0.6101 0.6176 0.7172 0.6934 0.5590 0.4738 0.4713 0.4118 0.3627 0.3156 0.1502 0.0754 0.0402 0.0259 0.0343 0.0271 0.0236 0.0113
0.0000 0.0094 0.0129 0.0169 0.0144 0.0144 0.0174 0.0192 0.0216 0.0216 0.0218 0.0169 0.0170 0.0171 0.0155 0.0240 0.0301 0.0295 0.0339 0.0265 0.0368 0.0670 0.1107 0.1448 0.2460 0.3809 0.5806 0.7402 1.0008 1.3293 1.5599 1.7366 1.9394 2.3616 2.5737 2.2074 2.0961 2.0661 2.0427 1.9960 2.0092 2.0924 2.0544 2.0413 1.8745 1.5401 1.4582 1.0678 0.6466 0.4844 0.3685 0.1977 0.1452 0.1151 0.1096 0.1223 0.2491 0.1397 0.1188 0.0882 0.0870 0.0306 0.0227 0.0247 0.0305 0.0230 0.0269 0.0138 0.0088 0.0162 0.0163
0.0000 0.5103 0.0089 0.1081 0.0080 0.0077 0.0103 0.0149 0.0128 0.0080 0.0201 0.0192 0.0217 0.0218 0.0228 0.0232 0.0167 0.0167 0.0147 0.0155 0.1948 0.0318 0.0270 0.0258 0.0548 0.1024 0.1737 0.3186 0.5713 0.9027 1.3086 1.5805 1.8717 3.2285 0.7652 2.0000 1.8306 1.5211 1.5995 1.6562 1.7084 1.6161 1.1727 0.5953 0.5167 0.2428 0.0266 0.0332 0.0294 0.0114 0.0081 0.0098 0.0100 0.0193 0.0170 0.0395 0.0267 0.0841 0.0370 0.0235 0.0102 0.0136 0.0100 0.0101 0.0101 0.0089 0.0532 0.0078 0.0147 0.0136 0.0175
0.0000 0.0081 0.0081 0.0080 0.0081 0.0078 0.2032 0.4692 0.5009 0.4340 0.3030 0.0894 0.0202 0.0415 0.0197 0.1642 0.3168 0.3549 0.3267 0.3089 0.0352 0.0141 0.0203 0.0228 0.0158 0.4679 0.0152 0.0527 0.0675 0.0208 0.0127 0.0190 0.0300 0.0255 0.0258 0.0165 0.0222 0.0387 0.0238 0.0115 0.0093 0.0124 0.0111 0.0168 0.0125 0.0132 0.0125 0.0449 0.0181 0.0173 0.0103 0.0269 0.0361 0.0000 0.0133 0.0118 0.0291 0.0150 0.0000 0.0000 0.0000 0.0000 0.0000 0.0000 0.0000 0.0000 0.0000 0.0000 0.0000 0.0000 0.0000
0.0000 0.0000 0.0000 0.0000 0.0000 0.0000 0.0000 0.0000 0.0000 0.0000 0.0000 0.0000 0.0000 0.0000 0.0000 0.0000 0.0000 0.0000 0.0000 0.0000 0.0000 0.0000 0.0000 0.0000 0.0000 0.0000 0.0000 0.0000 0.0000 0.0000 0.0000 0.0000 0.0000 0.0000 0.0000 0.0000 0.0000 0.0000 0.0000 0.0000 0.0000 0.0000 0.0000 0.0000 0.0000 0.0000 0.0000 0.0000 0.0000 0.0000 0.0000 0.0000 0.0000 0.0000 0.0000 0.0000 0.0000 0.0000 0.0000 0.0000 0.0000 0.0000 0.0000 0.0000 0.0000 0.0000 0.0000 0.0000 0.0000 0.0000 0.0000
