tool_adapters/Deltares_HABITAT/example_maps/Tenryuu_river/standard_maps/waterdepth_ascending_mean.asc
ncols          735
nrows          17
xllcorner      -61262.8867
yllcorner      -118292.6406
cellsize       25
[rows 0 to 16 of 17, columns 142 to 212 of 735]
0.0000 0.0000 0.0000 0.0000 0.0000 0.0000 0.0000 0.0000 0.0000 0.0000 0.0000 0.0000 0.0000 0.0000 0.0000 0.0000 0.0000 0.0000 0.0000 0.0000 0.0000 0.0000 0.0000 0.0000 0.0000 0.0000 0.0000 0.0000 0.0000 0.0000 0.0000 0.0000 0.0000 0.0000 0.0000 0.0000 0.0000 0.0000 0.0000 0.0000 0.0000 0.0000 0.0000 0.0000 0.0000 0.0000 0.0000 0.0000 0.0000 0.0000 0.0000 0.0000 0.0000 0.0000 0.0000 0.0000 0.0000 0.0000 0.0000 0.0000 0.0000 0.0000 0.0000 0.0000 0.0000 0.0000 0.0000 0.0000 0.0000 0.0000 0.0000
0.0080 0.0077 0.0077 0.0119 0.0681 0.0526 0.1080 0.5826 0.3962 0.4124 0.7263 0.2877 0.2793 0.3904 0.4488 0.1846 0.5016 0.8751 1.0868 1.2866 1.3472 1.7107 1.6144 2.2882 1.0241 1.9436 2.0061 0.9235 0.8255 2.0457 1.4172 0.0435 1.2502 0.0156 0.5489 0.0188 0.0159 0.6428 1.8841 2.2146 1.8921 2.1851 2.4604 2.6961 2.7404 1.7997 2.1734 3.3430 3.0756 2.3901 2.6459 2.9269 2.7517 2.5055 2.6526 2.6365 2.4222 2.2387 2.1100 2.0434 2.0384 2.1190 2.3126 2.7496 3.2914 3.6783 3.9688 4.1106 3.8530 3.0664 0.7984
0.1312 0.2021 0.3619 0.4436 0.5730 0.7263 0.9188 1.0486 1.2612 1.3358 1.2046 1.0348 0.8488 0.7887 0.8335 0.8797 0.9056 0.9162 0.9235 0.8850 0.8663 0.7373 0.8653 1.1882 2.0485 1.6004 1.9345 2.3174 2.4064 2.3781 2.7556 3.1487 3.1415 3.4023 3.2038 3.4653 3.3361 2.9577 2.8353 2.7307 2.7632 2.8201 2.8490 2.8958 3.0289 3.3156 2.7988 2.5941 2.5076 2.5707 2.4217 2.3338 2.3374 2.3438 2.1480 2.0632 2.0502 2.0095 1.9476 1.8815 1.8300 1.7994 1.7790 1.7603 1.7708 1.8886 2.2130 2.7290 3.6215 4.5774 5.1308
0.4514 0.4904 0.4944 0.4927 0.4480 0.4350 0.3977 0.4026 0.3859 0.4001 0.4230 0.4102 0.4009 0.3667 0.3754 0.4047 0.4084 0.3922 0.3124 0.2903 0.3276 0.4816 0.5422 0.6361 0.7514 0.9520 0.9308 1.1518 1.3068 1.5758 1.9365 2.3858 2.8001 3.0778 3.3137 3.3624 3.4205 3.4192 3.2965 3.1589 3.0750 3.0654 3.0733 3.0497 3.0613 2.9907 2.9355 2.7414 2.5914 2.4835 2.4113 2.3042 2.2035 2.1125 2.0751 2.0194 1.9806 1.9407 1.8809 1.8360 1.8059 1.8012 1.7909 1.7789 1.7527 1.7223 1.7153 1.7856 2.0690 2.7492 3.4980
0.0115 0.0078 0.0077 0.0081 0.0086 0.0086 0.0100 0.0087 0.0106 0.0094 0.0124 0.0088 0.0097 0.0170 0.0315 0.0460 0.0794 0.1421 0.2231 0.2820 0.3491 0.4400 0.4904 0.5348 0.5930 0.6724 0.8200 0.9980 1.2200 1.4495 1.7371 2.0623 2.3581 2.6083 2.7666 2.8646 2.8993 2.9378 2.9811 3.0159 3.0631 3.0900 3.1027 3.1248 3.1209 3.0821 2.9839 2.9212 2.8387 2.7496 2.6463 2.5522 2.4542 2.3705 2.2897 2.2558 2.2454 2.2113 2.1516 2.0729 2.0126 1.9528 1.9288 1.9309 1.9500 1.9713 1.9892 2.0190 2.0619 2.1322 2.2972
0.0358 0.0180 0.0097 0.0123 0.0133 0.0142 0.0159 0.0159 0.0166 0.0170 0.0363 0.0138 0.0225 0.0578 0.1746 0.3106 0.3470 0.4248 0.4723 0.5026 0.5414 0.5916 0.6428 0.7360 0.8823 1.0944 1.3398 1.6136 1.8865 2.1495 2.3531 2.4558 2.4582 2.4120 2.3735 2.3217 2.2700 2.2434 2.2873 2.4902 2.6684 2.8131 2.8712 2.8681 2.8557 2.8466 2.8616 2.8542 2.8527 2.8359 2.8015 2.7366 2.6654 2.5925 2.5399 2.5085 2.5046 2.5034 2.4841 2.4651 2.4148 2.3757 2.3178 2.2559 2.2082 2.1868 2.2011 2.2388 2.2891 2.3537 2.4060
0.0140 0.0170 0.0151 0.0161 0.0162 0.0165 0.0166 0.0137 0.0222 0.0596 0.1705 0.4040 0.5423 0.5623 0.6001 0.6889 0.8023 0.9035 0.9789 1.0579 1.1570 1.2881 1.4545 1.6542 1.8903 2.1546 2.4136 2.5885 2.6233 2.5311 2.3738 2.2071 2.0615 1.9531 1.8481 1.7450 1.7067 1.7456 1.9163 2.0656 2.1592 2.1964 2.2439 2.3074 2.3703 2.4294 2.4857 2.5674 2.6504 2.7144 2.7324 2.7336 2.7093 2.6812 2.6575 2.6521 2.6584 2.6502 2.6337 2.5909 2.5863 2.5663 2.5543 2.5390 2.5122 2.4735 2.4298 2.3903 2.3798 2.3699 2.3571
0.0162 0.0165 0.0163 0.0247 0.0708 0.1571 0.3467 0.5073 0.5710 0.6397 0.6856 0.8079 0.9379 1.0626 1.1803 1.2770 1.3736 1.4785 1.5915 1.7352 1.9181 2.1316 2.3400 2.5618 2.7246 2.7601 2.6436 2.4325 2.1924 1.9872 1.8260 1.7063 1.6303 1.4893 1.4036 1.3901 1.4500 1.6118 1.6473 1.6078 1.5632 1.5475 1.5657 1.6301 1.7374 1.8711 2.0193 2.1524 2.2622 2.3350 2.4044 2.4563 2.5036 2.5356 2.5551 2.5654 2.5605 2.5534 2.5343 2.5430 2.5200 2.5377 2.5589 2.5799 2.5989 2.5947 2.5521 2.4820 2.3749 2.2731 2.1778
0.4690 0.4797 0.5300 0.5894 0.6369 0.7327 0.8210 0.9783 1.1288 1.2618 1.3852 1.4924 1.5880 1.6833 1.7866 1.9003 2.0293 2.1768 2.3473 2.5375 2.7164 2.8151 2.8092 2.6745 2.4695 2.2213 1.9791 1.7530 1.6051 1.5151 1.4489 1.3244 1.2091 1.1940 1.2157 1.3158 1.3339 1.2294 1.1411 1.0782 1.0512 1.0628 1.1217 1.2276 1.3661 1.5105 1.6224 1.6968 1.7385 1.7874 1.8396 1.9134 1.9905 2.0666 2.1501 2.2138 2.2652 2.2705 2.3316 2.3395 2.3414 2.3414 2.3752 2.4356 2.4897 2.5350 2.5652 2.5460 2.4830 2.3666 2.2499
0.8683 0.9867 1.1679 1.3363 1.4877 1.6146 1.7281 1.8364 1.9345 2.0268 2.1178 2.2012 2.2769 2.3489 2.4267 2.5193 2.6328 2.7569 2.8390 2.8202 2.6904 2.4840 2.2228 1.9652 1.7208 1.5437 1.4183 1.3808 1.2730 1.1361 1.0321 1.0303 1.0520 1.0694 1.0148 0.8958 0.8184 0.7784 0.7826 0.8027 0.8387 0.9119 0.9931 1.0583 1.1046 1.1429 1.1791 1.2144 1.2577 1.2995 1.3489 1.4022 1.4771 1.5606 1.6361 1.7167 1.7848 1.8825 1.9251 2.0116 2.0746 2.1071 2.1096 2.1109 2.1629 2.2362 2.3064 2.3787 2.4348 2.4456 2.3737
2.1462 2.2799 2.3856 2.4717 2.5398 2.5945 2.6339 2.6525 2.6502 2.6377 2.6182 2.6014 2.5925 2.5979 2.6219 2.6552 2.6639 2.5908 2.4276 2.2049 1.9499 1.6933 1.5113 1.3783 1.2975 1.2220 1.1296 0.9424 0.8897 0.8724 0.8618 0.7659 0.6664 0.6418 0.6576 0.6485 0.6385 0.6288 0.5885 0.5945 0.6177 0.6287 0.6477 0.6757 0.7049 0.7232 0.7405 0.7594 0.7783 0.7964 0.8176 0.8559 0.9070 0.9712 1.0515 1.1176 1.1875 1.2415 1.3265 1.4001 1.4968 1.6039 1.6593 1.6962 1.7077 1.7431 1.8148 1.9024 2.0016 2.1189 2.2323
3.2024 3.2113 3.1510 3.0561 2.9482 2.8396 2.7397 2.6507 2.5712 2.5032 2.4515 2.4054 2.3641 2.3331 2.3001 2.2378 2.1208 1.9306 1.7062 1.4961 1.3305 1.2333 1.1020 1.0172 0.9062 0.8235 0.7707 0.7491 0.6307 0.5964 0.6157 0.6011 0.5758 0.4424 0.3881 0.3807 0.3463 0.3359 0.3314 0.3222 0.3331 0.3452 0.3530 0.3531 0.3584 0.3573 0.3568 0.3565 0.3566 0.3596 0.3638 0.3768 0.4049 0.4446 0.5086 0.5957 0.6519 0.7045 0.7472 0.7934 0.8393 0.9119 1.0361 1.1447 1.2573 1.3502 1.4651 1.6277 1.8202 2.0206 2.2414
3.1554 2.9467 2.7560 2.6018 2.4786 2.3803 2.2978 2.2234 2.1561 2.1001 2.0331 1.9641 1.9003 1.8484 1.7928 1.6846 1.5416 1.3386 1.1801 1.0344 0.8382 0.7237 0.6942 0.6668 0.6283 0.5951 0.5682 0.5830 0.4989 0.3543 0.2799 0.2499 0.2213 0.2075 0.1845 0.1581 0.1437 0.1429 0.1399 0.1389 0.1378 0.1338 0.1289 0.1180 0.1099 0.1024 0.1014 0.1054 0.1136 0.1333 0.1544 0.1705 0.2110 0.2690 0.3438 0.4270 0.5298 0.5856 0.6345 0.7550 0.7596 0.8431 0.9677 1.2309 1.4526 1.6941 1.8809 2.0357 2.1884 2.3480 2.4674
2.2627 2.1221 2.0526 2.0187 2.0069 2.0043 1.9948 1.9495 1.8469 1.7279 1.6502 1.5745 1.5044 1.4601 1.3573 1.1914 0.9931 0.7161 0.6174 0.5925 0.5742 0.4995 0.4712 0.4693 0.4663 0.3630 0.2522 0.1840 0.1593 0.1356 0.1113 0.1002 0.0897 0.0831 0.0753 0.0757 0.0688 0.0715 0.0751 0.0874 0.1008 0.0988 0.0834 0.0670 0.0588 0.0601 0.0634 0.0799 0.0897 0.1204 0.1687 0.2496 0.3388 0.4342 0.5247 0.6079 0.6804 0.8178 0.9632 1.0549 1.2984 1.5114 1.7829 1.8691 2.0123 2.0357 2.0603 2.1013 2.0817 2.0100 2.0184
1.0878 1.0696 1.1320 1.3868 1.5272 1.7642 1.9479 1.9781 1.7960 1.7028 1.5236 1.3643 1.2374 1.1812 0.9934 0.6897 0.6161 0.4561 0.3166 0.2222 0.1948 0.1756 0.1307 0.1129 0.0925 0.0404 0.0250 0.0180 0.0144 0.0083 0.0091 0.0150 0.0175 0.0183 0.0177 0.0148 0.0126 0.0142 0.0175 0.0168 0.0179 0.0318 0.0273 0.0346 0.0518 0.0682 0.0878 0.1234 0.1851 0.2770 0.3743 0.4314 0.4785 0.5053 0.5082 0.5110 0.5741 0.7100 0.9257 1.1797 1.2337 1.1712 0.9091 0.6744 0.5477 0.5666 0.6316 0.7127 0.8322 1.0070 1.2705
0.3088 0.4160 0.2389 0.0226 1.9930 0.0375 0.0256 3.6030 1.6372 1.5948 1.7659 1.7322 1.4583 1.0039 0.5550 0.3121 0.1680 0.1453 0.1095 0.0810 0.0478 0.0299 0.0124 0.0112 0.0131 0.0149 0.0140 0.0122 0.0194 0.0189 0.0208 0.0208 0.0193 0.0128 0.0192 0.0111 0.0098 0.0244 0.0188 0.0206 0.0198 0.0115 0.0168 0.0136 0.0328 0.0814 0.1250 0.1675 0.1994 0.1759 0.1665 0.1836 0.2267 0.3006 0.4008 0.5067 0.5029 0.3973 0.2596 0.0769 0.0169 0.0188 0.0176 0.0152 0.0255 0.0129 0.0895 0.2219 0.4533 0.3819 0.0448
0.0000 0.0000 0.0000 0.0000 0.0000 0.0000 0.0000 0.0000 0.0000 0.0000 0.0000 0.0000 0.0000 0.0000 0.0000 0.0000 0.0000 0.0000 0.0000 0.0000 0.0000 0.0000 0.0000 0.0000 0.0000 0.0000 0.0000 0.0000 0.0000 0.0000 0.0000 0.0000 0.0000 0.0000 0.0000 0.0000 0.0000 0.0000 0.0000 0.0000 0.0000 0.0000 0.0000 0.0000 0.0000 0.0000 0.0000 0.0000 0.0000 0.0000 0.0000 0.0000 0.0000 0.0000 0.0000 0.0000 0.0000 0.0000 0.0000 0.0000 0.0000 0.0000 0.0000 0.0000 0.0000 0.0000 0.0000 0.0000 0.0000 0.0000 0.0000
