tool_adapters/Deltares_HABITAT/example_maps/Tenryuu_river/standard_maps/waterdepth_spawning_mean.asc
ncols          735
nrows          17
xllcorner      -61262.8867
yllcorner      -118292.6406
cellsize       25
[rows 0 to 16 of 17, columns 639 to 709 of 735]
0.0000 0.0000 0.0000 0.0000 0.0000 0.0000 0.0000 0.0000 0.0000 0.0000 0.0000 0.0000 0.0000 0.0000 0.0000 0.0000 0.0000 0.0000 0.0000 0.0000 0.0000 0.0000 0.0000 0.0000 0.0000 0.0000 0.0000 0.0000 0.0000 0.0000 0.0000 0.0000 0.0000 0.0000 0.0000 0.0000 0.0000 0.0000 0.0000 0.0000 0.0000 0.0000 0.0000 0.0000 0.0000 0.0000 0.0000 0.0000 0.0000 0.0000 0.0000 0.0000 0.0000 0.0000 0.0000 0.0000 0.0000 0.0000 0.0000 0.0000 0.0000 0.0000 0.0000 0.0000 0.0000 0.0000 0.0000 0.0000 0.0000 0.0000 0.0000
0.1275 0.1147 0.0390 0.0156 0.0101 0.0099 0.0100 0.0106 0.0081 0.0298 0.0080 0.0084 0.0112 0.1263 0.1754 0.9975 0.1133 0.1712 0.1512 0.0283 0.1911 0.0431 0.2244 0.1107 0.3642 0.2925 0.2049 0.2360 0.2065 0.2113 0.2940 0.5052 0.1733 0.1455 0.0182 0.1161 0.3603 0.1674 0.0271 0.1198 0.0460 0.2962 0.1022 0.0593 0.1390 0.0127 0.2833 0.1828 0.3022 0.0826 0.0358 0.1695 0.3359 0.2955 0.0870 0.2314 0.0117 0.0643 0.0224 0.0656 0.0581 0.1927 0.2654 0.0712 0.1679 0.0103 0.1956 0.3326 0.4260 0.5241 0.5636
0.0095 0.0095 0.0084 0.0098 0.0101 0.0562 0.1559 0.4657 0.6510 0.7294 0.6551 0.4181 0.2674 0.0221 0.0124 0.8474 0.0649 0.1717 0.2812 0.3935 0.5087 0.6268 0.7481 0.8723 0.9989 1.1271 1.2563 1.3853 0.0200 0.0387 0.0137 0.0139 0.0297 0.0244 0.0133 0.0697 0.1397 0.1376 0.0741 0.0386 0.0150 0.1547 0.3627 0.4794 0.1370 0.5000 0.5000 0.5000 0.6497 0.7984 0.5795 0.5000 0.5000 0.5001 0.3592 0.1831 0.0454 0.0188 0.0178 0.0226 0.0783 0.0456 0.2636 0.4645 0.6298 0.7763 0.9744 0.9225 1.0765 0.8788 0.8908
0.4423 0.5013 0.6960 0.8478 0.8696 0.6438 0.0115 0.0100 0.0101 0.0099 0.0114 0.0105 0.0111 0.0122 0.3191 2.0544 0.7307 0.0661 0.0236 0.0367 1.4408 0.0149 2.2204 0.0140 0.0703 0.1294 0.0162 0.0845 2.0209 1.7678 1.4009 0.7545 1.3013 0.0414 0.0514 0.0506 0.0484 0.1377 0.0237 0.0346 0.0081 0.0121 0.0231 0.0114 0.0446 0.0202 0.0189 0.0202 0.0219 0.0429 0.1462 0.1545 0.0524 0.0096 0.0082 0.0180 0.1220 0.2706 0.1089 0.0933 0.1326 0.0150 0.0320 0.0393 0.0715 0.0582 0.2546 0.0995 0.2266 0.1763 0.1482
0.9768 0.9807 0.6814 0.0103 0.0098 0.0137 0.0099 0.0183 0.0415 0.0261 0.0360 0.0299 0.1253 1.7363 2.6562 1.7591 1.6372 1.8972 2.1466 1.8333 0.6632 0.1306 0.8201 1.8405 1.7342 1.8130 2.1073 2.1747 2.0621 1.8229 1.7561 2.4046 1.6212 1.2995 1.0042 0.8960 0.7998 0.7282 0.6989 0.6629 0.5992 0.4861 0.5400 0.3621 0.1587 0.1150 0.0233 0.0359 0.0209 0.0478 0.1331 0.1956 0.1613 0.0316 0.0135 0.0213 0.0119 0.0232 0.0264 0.0270 0.0169 0.0281 0.0082 0.0087 0.0084 0.0087 0.0087 0.0735 0.0420 0.1262 0.0292
0.0084 0.0104 0.0096 0.0357 0.0119 0.0396 0.0349 0.0379 0.0738 0.0633 0.7766 1.3960 2.2371 1.8220 1.5461 1.3836 1.3527 1.4255 1.5290 1.8475 2.2681 2.1957 1.6045 1.7196 1.3889 1.1954 1.0483 0.9703 0.9233 0.9348 1.0273 1.1448 1.5386 1.5742 1.5856 1.6085 1.6289 1.6246 1.6141 1.6180 1.6235 1.6161 1.5751 1.4645 1.2962 0.8745 0.5857 0.4331 0.3228 0.2500 0.2065 0.1935 0.0841 0.0599 0.0587 0.0191 0.1117 0.0506 0.0244 0.0297 0.1428 0.0511 0.0365 0.0220 0.0244 0.0514 0.0352 0.0368 0.1239 0.0885 0.1427
0.0357 0.0147 0.0316 0.0389 0.0379 0.0883 0.1288 0.7334 1.5211 1.9378 1.7140 1.7723 1.6845 1.4317 1.2379 1.1124 0.7961 0.5853 0.4781 0.5276 0.6325 1.2119 1.1413 0.7366 0.4541 0.2922 0.1724 0.0654 0.0728 0.0929 0.1171 0.2407 0.5357 0.6543 0.7670 0.8975 0.9922 1.0541 1.1296 1.2799 1.4631 1.6357 1.7969 1.9456 2.0242 1.9356 1.7391 1.5463 1.3892 1.2633 1.1552 0.9844 0.8690 0.8087 0.7405 0.6947 0.6619 0.6264 0.5900 0.5619 0.5196 0.4765 0.4721 0.5018 0.5458 0.5616 0.5736 0.5749 0.5627 0.5522 0.5278
0.0331 0.0379 2.0977 0.7294 0.9153 1.5413 1.5778 1.5983 1.0419 0.9549 1.1247 1.1557 1.2905 0.4096 0.1209 0.0803 0.0551 0.0680 0.0542 0.0644 0.0980 0.2198 0.4986 0.1649 0.0807 0.0335 0.0923 0.1336 0.0359 0.0221 0.0227 0.0695 0.2478 0.3096 0.0549 0.1842 0.0553 0.0077 0.0862 0.0653 0.2658 0.5098 0.8746 1.2493 1.5872 1.8523 2.0342 2.0770 2.0187 1.9477 1.8873 1.8315 1.7848 1.7102 1.5986 1.4823 1.3814 1.2906 1.2443 1.2044 1.1450 1.0852 1.0500 1.0026 0.9450 0.9144 0.8854 0.8701 0.8755 0.8862 0.9021
1.0367 2.1034 2.1934 1.8485 1.9676 1.9257 1.8565 1.6343 1.2769 0.5841 0.4373 0.3518 0.0469 0.0267 0.0520 0.0794 0.0319 0.0557 0.1598 0.0756 0.0925 0.1569 0.1591 0.1851 0.1623 0.0186 0.0229 0.0233 0.0203 0.0272 0.0902 0.0659 0.0704 0.0244 0.0578 0.0097 0.2157 0.0248 0.0143 0.1869 0.0253 0.0638 0.0626 0.0585 0.2575 0.7489 1.2169 1.5255 1.6717 1.7436 1.7924 1.8226 1.8559 1.9013 1.9139 1.8589 1.7990 1.7452 1.6813 1.6191 1.5602 1.5032 1.4611 1.4310 1.3960 1.3480 1.3020 1.2598 1.2106 1.1768 1.1498
2.4132 1.6913 1.7211 1.7653 1.5969 1.7674 0.9810 0.3840 0.4243 0.2594 0.0362 0.0164 0.0100 0.0091 0.0475 0.0627 0.1048 0.0193 0.0347 0.0233 0.0112 0.0152 0.0173 0.0199 0.0146 0.4610 0.2794 0.0808 0.3903 0.3348 0.0469 0.0738 0.0900 0.5023 0.5023 0.5023 0.5023 0.0128 0.0472 0.0305 0.0301 0.0290 0.0279 0.0142 0.0210 0.0561 0.0336 0.4131 0.6134 0.8822 1.1097 1.2700 1.3399 1.3967 1.4715 1.5346 1.5790 1.5908 1.5891 1.5980 1.6243 1.6405 1.6411 1.6613 1.6932 1.7111 1.6718 1.6088 1.5764 1.5606 1.6000
0.1548 0.1910 0.0205 0.0129 0.0803 0.1762 0.1280 0.0703 0.1297 0.0658 0.0614 0.2534 0.0128 0.0248 0.0091 0.0170 0.0175 0.0693 0.0778 0.0406 0.0213 0.0245 0.0151 0.0218 0.0220 0.3589 0.0258 0.1994 0.0403 0.1915 0.0813 0.0268 0.0671 0.0287 0.0337 0.0512 0.0829 0.2155 0.1232 0.1390 0.1232 0.5000 0.5519 0.5678 1.4130 0.0258 0.0222 0.0195 0.0550 0.0487 0.3066 0.6806 0.9426 0.7373 1.0697 1.1236 1.1682 1.2348 1.2523 1.2423 1.3174 1.3996 1.4493 1.5128 1.5994 1.6896 1.7745 1.8459 1.9256 2.0452 2.0682
0.1408 0.0525 0.2936 0.0832 0.1558 0.0827 0.1429 0.1355 0.0099 0.0174 0.0139 0.0137 0.0169 0.0155 0.0182 0.0185 0.0137 0.0138 0.0121 0.0780 0.0344 0.3385 0.1036 0.2358 0.1088 0.1343 0.2922 0.0617 0.0627 0.1597 0.0509 0.0280 0.0201 0.0236 0.0155 0.0480 0.0224 0.0920 0.0198 0.0368 0.0242 0.0208 0.1631 0.0449 0.3091 0.2109 0.6897 0.2428 0.0488 0.0281 0.0231 0.0439 0.0528 0.2117 0.4813 0.6330 0.6497 0.8657 0.7916 0.7731 0.8585 1.4563 1.4971 1.6417 1.2691 1.3795 1.8256 1.9053 1.9900 1.7734 2.1533
0.3119 0.0838 0.0209 0.0187 0.0223 0.1465 0.1935 0.0144 0.0356 0.2334 0.3210 0.0923 0.0961 0.0173 0.1110 0.0129 0.1203 0.0167 0.0121 0.2734 0.0138 0.0990 0.2101 0.1092 0.4453 0.2726 0.0467 0.0770 0.0323 0.1542 0.0252 0.0547 0.2079 0.1607 0.1291 0.2498 0.0628 0.2317 0.1787 0.0900 0.1167 0.3283 0.2775 0.0717 0.3198 0.6584 0.1537 0.1329 0.3755 0.4443 0.3485 0.0619 0.0231 0.0378 0.0255 0.0517 0.1161 0.1787 0.2698 0.2590 0.1665 0.1900 0.2407 0.3317 0.4430 0.5152 0.5804 0.6727 0.7549 0.8346 0.9215
0.0959 0.1722 0.0954 0.3730 0.0971 0.1980 0.0125 0.0236 0.1027 0.1425 0.3170 0.5372 0.6695 0.7201 0.8134 0.7253 0.6772 0.6035 0.5238 0.2749 0.1718 0.0368 0.1494 0.0582 0.4267 0.0883 0.1555 0.0491 0.0425 0.0186 0.0313 0.0194 0.0763 0.1084 0.0721 0.1203 0.2264 0.2394 0.2449 0.2489 0.2425 0.2232 0.2103 0.2281 0.2503 0.2390 0.1913 0.1784 1.1030 0.8349 1.1056 0.2852 0.7858 0.0797 0.0139 0.0166 0.0183 0.0114 0.0299 0.0099 0.0265 0.0277 0.0094 0.1009 0.4022 0.2232 0.0173 0.0166 0.0167 0.0146 0.0404
0.3653 0.2485 0.1252 0.0219 0.1207 0.0452 0.0364 0.0533 0.0294 0.0638 0.0192 0.0506 0.0503 0.0433 0.0488 0.0432 0.0460 0.0455 0.0464 0.0473 0.0488 0.0494 0.0502 0.0533 0.0502 0.0471 0.0440 0.0410 0.0380 0.0351 0.0322 0.0294 0.0266 0.0239 0.0213 0.0188 0.0164 0.0139 0.0116 0.0093 0.0075 0.0171 0.0164 0.0180 0.0168 0.0179 0.0349 0.1357 0.6916 0.0573 0.4956 0.5695 0.6517 0.0980 0.1399 0.3122 0.5934 0.8639 0.6248 0.2310 0.0880 0.0954 0.1259 0.1454 0.1690 0.1917 0.2135 0.2349 0.2558 0.2763 0.2965
0.1537 0.1253 0.1530 0.1719 0.5851 0.0478 0.0583 0.1471 0.1686 0.2536 0.1931 0.1025 0.2789 0.1056 0.0765 0.2275 0.0729 0.1914 0.1229 0.4675 0.1291 0.0579 0.0122 0.0314 0.3198 0.1475 0.0993 0.1071 0.2249 0.0463 0.1070 0.0495 0.1933 0.0261 0.0625 0.0363 0.0749 0.0182 0.0319 0.0105 0.0994 0.0371 0.0434 0.0364 0.0369 0.0217 0.0293 0.1111 0.1514 0.2600 0.1217 0.1112 0.1893 0.0513 0.4550 0.4942 1.1529 1.0623 0.9452 0.4228 0.1064 0.2844 0.0888 0.0379 0.0580 0.0133 0.0294 0.0714 0.0251 0.0669 0.0420
0.0000 0.0000 0.0000 0.0000 0.0000 0.0000 0.0000 0.0000 0.0000 0.0000 0.0000 0.0000 0.0000 0.0000 0.0000 0.0000 0.0000 0.0000 0.0000 0.0000 0.0000 0.0000 0.0000 0.0000 0.0000 0.0000 0.0000 0.0000 0.0000 0.0000 0.0000 0.0000 0.0000 0.0000 0.0000 0.0000 0.0000 0.0000 0.0000 0.0000 0.0000 0.0000 0.0000 0.0000 0.0000 0.0000 0.0000 0.0000 0.0000 0.0000 0.0000 0.0000 0.0000 0.0000 0.0000 0.0000 0.0000 0.0000 0.0000 0.0000 0.0000 0.0000 0.0000 0.0000 0.0000 0.0000 0.0000 0.0000 0.0000 0.0000 0.0000
