tool_adapters/Deltares_HABITAT/example_maps/Tenryuu_river/standard_maps/waterdepth_feeding_mean.asc
ncols          735
nrows          17
xllcorner      -61262.8867
yllcorner      -118292.6406
cellsize       25
[rows 0 to 16 of 17, columns 0 to 70 of 735]
0.0000 0.0000 0.0000 0.0000 0.0000 0.0000 0.0000 0.0000 0.0000 0.0000 0.0000 0.0000 0.0000 0.0000 0.0000 0.0000 0.0000 0.0000 0.0000 0.0000 0.0000 0.0000 0.0000 0.0000 0.0000 0.0000 0.0000 0.0000 0.0000 0.0000 0.0000 0.0000 0.0000 0.0000 0.0000 0.0000 0.0000 0.0000 0.0000 0.0000 0.0000 0.0000 0.0000 0.0000 0.0000 0.0000 0.0000 0.0000 0.0000 0.0000 0.0000 0.0000 0.0000 0.0000 0.0000 0.0000 0.0000 0.0000 0.0000 0.0000 0.0000 0.0000 0.0000 0.0000 0.0000 0.0000 0.0000 0.0000 0.0000 0.0000 0.0000
0.0000 1.0361 0.5857 0.3252 0.2782 0.2325 0.2217 0.1112 0.0937 0.1229 0.1360 0.1309 0.0748 0.0000 0.0223 0.0000 0.0279 0.0286 0.0057 0.1605 0.2438 0.1645 0.2444 0.2088 0.3728 0.3802 0.4356 0.4772 0.5590 0.6094 0.6561 0.7117 0.7310 0.7836 0.9091 0.9515 0.9450 0.7997 0.7699 0.7383 0.6979 0.6482 0.5903 0.5333 0.4813 0.5306 0.4659 0.4435 0.4006 0.3677 0.3556 0.3329 0.4073 0.3409 0.3175 0.2972 0.2955 0.3464 0.3835 0.4778 0.5566 0.5852 2.8212 1.3448 1.3374 1.3951 1.4789 1.5908 1.6993 1.7308 1.8580
0.0000 3.8570 1.8103 1.0901 1.1017 1.2113 1.3131 1.2350 1.2264 2.3492 2.2759 2.4073 2.5559 2.6762 2.6362 2.4425 2.1116 1.6318 0.8728 0.8714 1.0105 0.9681 0.9402 1.0599 1.1078 1.1314 1.1746 1.2339 1.7983 1.7118 1.7803 1.8192 1.8226 1.7718 1.7051 1.6705 1.6696 1.6826 1.6415 1.5373 1.1280 1.1854 1.2479 1.3235 1.3342 1.2809 1.2794 1.2487 1.1934 1.1428 1.1152 1.1029 1.1112 1.1214 1.1218 1.1360 1.1932 1.3122 1.5698 1.9289 1.9885 2.0519 2.0089 1.9099 1.8987 1.8998 1.9217 1.9542 1.9941 2.0552 2.0905
0.0000 5.3399 2.6137 2.4475 2.4776 2.5121 2.5404 2.5488 2.5646 2.5282 2.4864 2.4969 2.5351 2.5722 2.5776 2.5849 2.5844 2.5548 2.4672 2.1084 1.8776 1.7613 1.6972 1.6709 1.6700 1.6893 1.7385 1.8062 1.8556 1.9211 1.9971 2.0568 2.0850 2.0753 2.0278 1.9678 1.9310 1.9307 1.9670 2.0352 2.1039 2.0501 1.9917 1.9395 1.8933 1.8437 1.7854 1.7233 1.6641 1.6018 1.5467 1.5012 1.4794 1.4873 1.5101 1.5527 1.6086 1.6763 1.7634 1.8637 2.0020 2.1317 2.2116 2.2256 2.2500 2.2788 2.3066 2.3345 2.3707 2.3905 2.4323
5.4753 4.8761 4.4301 4.1576 3.9294 3.7283 3.5488 3.3923 3.2582 3.1253 2.9960 2.9048 2.8188 2.7324 2.6787 2.6601 2.6688 2.6922 2.6622 2.5913 2.4696 2.3633 2.2686 2.1954 2.1632 2.1538 2.1595 2.1905 2.2235 2.2305 2.2421 2.2316 2.2107 2.1795 2.1516 2.1254 2.0967 2.0732 2.0623 2.0756 2.0887 2.1120 2.1194 2.1057 2.0836 2.0577 2.0281 1.9940 1.9563 1.9173 1.8827 1.8531 1.8339 1.8309 1.8413 1.8654 1.9146 1.9934 2.0694 2.1456 2.2275 2.3108 2.3694 2.4166 2.4687 2.5166 2.5670 2.6237 2.6817 2.7527 2.8023
5.8597 5.9891 5.5029 5.1962 4.9398 4.6963 4.4640 4.2445 4.0339 3.8327 3.6396 3.4678 3.3154 3.2006 3.1041 3.0182 2.9501 2.9052 2.8709 2.8460 2.8100 2.7519 2.6542 2.5722 2.5071 2.4806 2.4830 2.4712 2.4446 2.4203 2.3841 2.3527 2.3214 2.2996 2.2856 2.2744 2.2655 2.2633 2.2550 2.2521 2.2395 2.2299 2.2285 2.2257 2.2224 2.2146 2.2033 2.1912 2.1787 2.1688 2.1480 2.1382 2.1242 2.1366 2.1527 2.1882 2.2454 2.2932 2.3616 2.4435 2.5221 2.5869 2.6516 2.7137 2.7754 2.8436 2.9222 3.0025 3.0906 3.1784 3.2897
6.5671 6.5448 6.3342 6.0822 5.8198 5.5763 5.3479 5.1256 4.9081 4.6921 4.4812 4.2692 4.0736 3.8803 3.7016 3.5444 3.4121 3.3092 3.2218 3.1535 3.0841 3.0035 2.9575 2.9035 2.8821 2.8429 2.7910 2.7365 2.6930 2.6533 2.6260 2.6067 2.5934 2.5779 2.5666 2.5601 2.5574 2.5572 2.5587 2.5628 2.5592 2.5556 2.5428 2.5310 2.5166 2.5043 2.4919 2.4810 2.4700 2.4555 2.4386 2.4390 2.4468 2.4612 2.4804 2.5137 2.5456 2.6066 2.6751 2.7386 2.8101 2.8926 2.9778 3.0677 3.1611 3.2552 3.3506 3.4624 3.5826 3.7310 3.9010
6.6787 6.7605 6.5618 6.3205 6.1125 5.9156 5.7114 5.5153 5.3248 5.1362 4.9452 4.7625 4.5839 4.4194 4.2712 4.1210 3.9799 3.8381 3.7193 3.6188 3.5216 3.4333 3.3097 3.2757 3.2249 3.1658 3.1156 3.0843 3.0549 3.0334 3.0070 2.9772 2.9535 2.9420 2.9384 2.9338 2.9305 2.9286 2.9259 2.9230 2.9201 2.9160 2.9089 2.9042 2.8970 2.8883 2.8768 2.8626 2.8426 2.8256 2.8126 2.8041 2.7941 2.7980 2.8163 2.8415 2.8970 2.9520 3.0158 3.0961 3.1817 3.2700 3.3590 3.4520 3.5484 3.6520 3.7764 3.9188 4.0766 4.2242 4.3392
6.1988 6.5047 5.8684 5.6838 5.5797 5.4833 5.3966 5.3060 5.2073 5.1016 4.9867 4.8568 4.7172 4.5957 4.4835 4.3792 4.2809 4.1922 4.0989 4.0126 3.9346 3.8591 3.7907 3.7006 3.6205 3.5382 3.5117 3.4645 3.4155 3.3681 3.3383 3.3248 3.3213 3.3172 3.3071 3.3016 3.2973 3.2902 3.2835 3.2785 3.2726 3.2719 3.2717 3.2726 3.2724 3.2693 3.2637 3.2510 3.2356 3.2211 3.2095 3.2125 3.2201 3.2341 3.2552 3.2870 3.3127 3.3511 3.3966 3.4532 3.5140 3.5779 3.6472 3.7239 3.8181 3.9362 4.0711 4.1905 4.2583 4.3025 4.2843
5.4364 4.9198 4.7506 4.6944 4.6576 4.6506 4.6477 4.6456 4.6392 4.6275 4.6077 4.5769 4.5299 4.4429 4.3741 4.3197 4.2714 4.2319 4.1989 4.1618 4.1218 4.0839 4.0474 4.0019 3.9458 3.8866 3.8185 3.7688 3.7260 3.6935 3.6719 3.6577 3.6488 3.6436 3.6409 3.6330 3.6259 3.6187 3.6129 3.6085 3.6077 3.6069 3.6059 3.6049 3.6057 3.6064 3.6065 3.6055 3.6124 3.6245 3.6333 3.6324 3.6294 3.6249 3.6174 3.6035 3.6063 3.6095 3.6247 3.6432 3.6684 3.7091 3.7620 3.8412 3.9497 4.0687 4.1646 4.1747 4.1231 3.9935 3.7846
0.0000 4.4709 2.4916 2.6842 2.9575 3.1851 3.3658 3.5165 3.6398 3.7383 3.8228 3.8916 3.9544 4.0207 4.0329 4.0391 4.0369 4.0309 4.0439 4.0602 4.0736 4.0852 4.0905 4.0952 4.0950 4.0816 4.0585 4.0249 3.9928 3.9642 3.9436 3.9320 3.9278 3.9254 3.9168 3.9042 3.8927 3.8825 3.8739 3.8662 3.8580 3.8511 3.8468 3.8461 3.8523 3.8676 3.8967 3.9417 3.9874 4.0030 3.9767 3.9299 3.8712 3.7973 3.7127 3.6410 3.5776 3.5559 3.5477 3.5724 3.6171 3.6621 3.7379 3.8528 3.9521 3.9817 3.9390 3.7742 3.4931 3.1864 2.7739
0.0000 2.8950 1.4613 1.1126 1.2365 1.4561 1.7282 2.0175 2.2593 2.4879 2.6890 2.8762 3.0425 3.1821 3.3267 3.4476 3.5568 3.6447 3.7105 3.7585 3.8266 3.8633 3.9276 3.9882 4.0394 4.0821 4.1106 4.1316 4.1381 4.1385 4.1350 4.1372 4.1426 4.1420 4.1426 4.1311 4.1170 4.0937 4.0675 4.0444 4.0238 4.0113 4.0080 4.0197 4.0473 4.1052 4.1892 4.2427 4.2180 4.1115 3.9673 3.8068 3.6536 3.5251 3.4310 3.3621 3.3310 3.2980 3.3363 3.3536 3.3755 3.5033 3.6777 3.7733 3.7511 3.5253 3.2544 2.8885 2.5561 2.0970 1.7585
0.0000 2.0592 0.8736 0.5085 0.4728 0.4733 0.5739 0.7383 1.0206 1.2644 1.4942 1.7277 1.9656 2.1889 2.4185 2.6255 2.8015 2.9683 3.1224 3.2721 3.3941 3.5238 3.6183 3.7218 3.8184 3.9104 3.9930 4.0635 4.1241 4.1713 4.2092 4.2357 4.2671 4.3138 4.3460 4.3328 4.2602 4.2048 4.1599 4.1224 4.1005 4.0986 4.1219 4.1519 4.2113 4.2956 4.2911 4.1847 3.9705 3.7006 3.4655 3.2901 3.1746 3.1080 3.0701 3.0817 3.0958 3.0737 3.1363 3.2114 3.3028 3.4180 3.4594 3.3647 2.9918 2.6073 2.2633 1.7973 1.4847 1.3133 0.9553
0.0000 1.2429 0.5729 0.5046 0.2988 0.2202 0.2561 0.3395 0.2840 0.3693 0.4638 0.5618 0.6742 0.8188 0.9718 1.1429 1.3888 1.6270 1.8978 2.1577 2.4027 2.6355 2.8612 3.0488 3.2390 3.4143 3.5834 3.7579 3.9130 4.0482 4.1479 4.2579 4.3827 4.5058 4.5407 4.3252 4.2532 4.1936 4.1289 4.1020 4.0981 4.1163 4.1238 4.1558 4.1115 4.0289 3.9316 3.5922 3.2629 3.1196 2.9985 2.8444 2.7297 2.6756 2.6589 2.6724 2.7871 2.8550 2.9838 3.2378 3.2674 2.9905 2.5990 1.8238 1.6248 1.4666 1.2325 0.8991 0.7878 0.6374 0.4770
0.0000 1.1460 0.6496 0.6629 0.6720 0.5525 0.4762 0.2372 0.2026 0.1713 0.1999 0.2338 0.2745 0.3297 0.4042 0.4624 0.5541 0.6707 0.8470 1.1254 1.3699 1.6382 1.9523 2.2690 2.5393 2.8079 3.1244 3.3703 3.6277 3.8839 4.1392 4.3021 4.4100 4.3096 3.4431 4.3028 4.1238 3.8889 3.9050 3.9279 3.9813 3.9706 3.7768 3.3563 3.2652 2.8650 1.6496 1.4747 1.1681 0.9129 0.8353 0.8005 0.6784 0.7216 0.9860 1.3279 1.4785 2.9503 1.8756 0.5693 0.4830 0.4381 0.3958 0.3510 0.3231 0.3120 0.3446 0.4376 0.3969 0.3409 0.2082
0.0000 0.6099 0.7488 1.0416 1.4233 1.7815 1.8793 1.9853 1.6949 1.3148 1.0174 0.7866 0.7330 0.7345 0.7501 0.8526 0.9421 1.0788 1.2707 1.4140 1.3300 1.5160 1.5775 1.8130 2.2419 3.0839 2.2964 2.4858 2.4835 2.3964 2.2763 2.1224 1.7121 1.5078 1.3487 1.3207 1.1939 1.2818 1.1996 1.1201 1.0104 0.7303 0.6251 0.4706 0.4170 0.3140 0.2696 0.3062 0.2233 0.1788 0.1645 0.1172 0.1277 0.0475 0.0869 0.1032 0.1517 0.1212 0.0474 0.0291 0.0201 0.0132 0.0000 0.0000 0.0000 0.0000 0.0107 0.0302 0.0765 0.0765 0.0400
0.0000 0.0000 0.0000 0.0000 0.0000 0.0000 0.0000 0.0000 0.0000 0.0000 0.0000 0.0000 0.0000 0.0000 0.0000 0.0000 0.0000 0.0000 0.0000 0.0000 0.0000 0.0000 0.0000 0.0000 0.0000 0.0000 0.0000 0.0000 0.0000 0.0000 0.0000 0.0000 0.0000 0.0000 0.0000 0.0000 0.0000 0.0000 0.0000 0.0000 0.0000 0.0000 0.0000 0.0000 0.0000 0.0000 0.0000 0.0000 0.0000 0.0000 0.0000 0.0000 0.0000 0.0000 0.0000 0.0000 0.0000 0.0000 0.0000 0.0000 0.0000 0.0000 0.0000 0.0000 0.0000 0.0000 0.0000 0.0000 0.0000 0.0000 0.0000
