tool_adapters/Deltares_HABITAT/example_maps/Tenryuu_river/standard_maps/waterdepth_descending_mean.asc
ncols          735
nrows          17
xllcorner      -61262.8867
yllcorner      -118292.6406
cellsize       25
[rows 0 to 16 of 17, columns 639 to 709 of 735]
0.0000 0.0000 0.0000 0.0000 0.0000 0.0000 0.0000 0.0000 0.0000 0.0000 0.0000 0.0000 0.0000 0.0000 0.0000 0.0000 0.0000 0.0000 0.0000 0.0000 0.0000 0.0000 0.0000 0.0000 0.0000 0.0000 0.0000 0.0000 0.0000 0.0000 0.0000 0.0000 0.0000 0.0000 0.0000 0.0000 0.0000 0.0000 0.0000 0.0000 0.0000 0.0000 0.0000 0.0000 0.0000 0.0000 0.0000 0.0000 0.0000 0.0000 0.0000 0.0000 0.0000 0.0000 0.0000 0.0000 0.0000 0.0000 0.0000 0.0000 0.0000 0.0000 0.0000 0.0000 0.0000 0.0000 0.0000 0.0000 0.0000 0.0000 0.0000
0.1275 0.1147 0.0390 0.0156 0.0101 0.0099 0.0100 0.0106 0.0081 0.0298 0.0080 0.0084 0.0112 0.1263 0.1754 0.9975 0.1133 0.1712 0.1512 0.0283 0.1911 0.0431 0.2244 0.1107 0.3642 0.2925 0.2049 0.2360 0.2065 0.2113 0.2940 0.5052 0.1733 0.1455 0.0182 0.1161 0.3603 0.1674 0.0271 0.1198 0.0460 0.2962 0.1022 0.0593 0.1390 0.0127 0.2833 0.1828 0.3022 0.0826 0.0358 0.1695 0.3359 0.2955 0.0870 0.2314 0.0117 0.0643 0.0224 0.0656 0.0581 0.1927 0.2654 0.0712 0.1679 0.0103 0.1956 0.3326 0.4260 0.5241 0.5636
0.0095 0.0095 0.0084 0.0098 0.0101 0.0562 0.1559 0.4657 0.6508 0.7292 0.6550 0.4181 0.2674 0.0221 0.0124 0.8474 0.0649 0.1717 0.2812 0.3935 0.5087 0.6268 0.7481 0.8723 0.9989 1.1271 1.2563 1.3853 0.0200 0.0387 0.0137 0.0139 0.0297 0.0244 0.0133 0.0697 0.1397 0.1376 0.0741 0.0386 0.0150 0.1547 0.3627 0.4794 0.1370 0.5000 0.5000 0.5000 0.6495 0.7983 0.5794 0.5000 0.5000 0.5000 0.3592 0.1831 0.0454 0.0188 0.0178 0.0226 0.0783 0.0456 0.2636 0.4645 0.6298 0.7763 0.9744 0.9225 1.0764 0.8787 0.8908
0.4423 0.5012 0.6959 0.8477 0.8694 0.6436 0.0115 0.0100 0.0101 0.0099 0.0114 0.0105 0.0111 0.0122 0.2185 1.9454 0.6453 0.0661 0.0236 0.0367 1.4408 0.0149 2.2204 0.0140 0.0703 0.0747 0.0162 0.0475 1.9167 1.6619 1.2964 0.6449 1.2227 0.0376 0.0514 0.0506 0.0484 0.1377 0.0237 0.0346 0.0081 0.0121 0.0231 0.0114 0.0446 0.0202 0.0189 0.0202 0.0219 0.0429 0.1462 0.1545 0.0524 0.0096 0.0082 0.0180 0.1220 0.2706 0.1089 0.0933 0.1326 0.0150 0.0320 0.0393 0.0715 0.0582 0.2546 0.0995 0.2266 0.1763 0.1482
0.9766 0.9805 0.6813 0.0103 0.0098 0.0137 0.0099 0.0183 0.0415 0.0261 0.0360 0.0299 0.0682 1.6328 2.5640 1.6726 1.5507 1.7894 2.0472 1.7231 0.5713 0.0779 0.7235 1.6904 1.6080 1.7251 2.0060 2.0814 1.9447 1.7008 1.6407 2.3175 1.5254 1.2021 0.9063 0.7837 0.6800 0.6049 0.5738 0.5439 0.4746 0.3604 0.4156 0.2863 0.0715 0.0390 0.0215 0.0359 0.0209 0.0478 0.1331 0.1956 0.1613 0.0316 0.0135 0.0213 0.0119 0.0232 0.0264 0.0270 0.0169 0.0281 0.0082 0.0087 0.0084 0.0087 0.0087 0.0735 0.0420 0.1262 0.0292
0.0084 0.0104 0.0096 0.0357 0.0119 0.0396 0.0349 0.0379 0.0738 0.0598 0.6830 1.2885 2.1208 1.7150 1.4470 1.2799 1.2397 1.2983 1.3952 1.7260 2.1337 2.1145 1.4932 1.5840 1.2643 1.0733 0.9063 0.8329 0.7880 0.8062 0.8859 0.9910 1.4195 1.4666 1.4832 1.5029 1.5180 1.5077 1.4898 1.4860 1.4829 1.4684 1.4288 1.3213 1.1387 0.6754 0.4478 0.3274 0.2508 0.1950 0.1574 0.1398 0.0326 0.0257 0.0312 0.0174 0.1627 0.0804 0.0262 0.0598 0.1518 0.0440 0.0242 0.0259 0.0428 0.0804 0.0649 0.0754 0.1585 0.1243 0.1583
0.0357 0.0147 0.0316 0.0389 0.0379 0.0883 0.0774 0.6630 1.4303 1.8503 1.5728 1.6522 1.5531 1.2987 1.1074 0.7929 0.5303 0.4057 0.3508 0.4342 0.5742 1.0922 1.0079 0.6569 0.4425 0.2902 0.1315 0.0447 0.0428 0.0591 0.0754 0.2161 0.5036 0.5785 0.6763 0.8017 0.8937 0.9451 1.0108 1.1563 1.3355 1.5023 1.6602 1.8053 1.8778 1.7735 1.5684 1.3841 1.2304 1.1063 0.9826 0.7816 0.6868 0.6217 0.5488 0.4867 0.4587 0.4167 0.3732 0.3466 0.3407 0.3178 0.3103 0.3303 0.3478 0.3436 0.3368 0.3054 0.2897 0.2756 0.2702
0.0331 0.0379 2.0142 0.6407 0.8142 1.4970 1.4884 1.5016 0.9496 0.8669 1.0358 1.0274 1.2159 0.4861 0.1136 0.1399 0.0541 0.0322 0.0515 0.0509 0.0709 0.1848 0.5016 0.1496 0.0402 0.0310 0.0923 0.1336 0.0359 0.0221 0.0227 0.0672 0.2470 0.3047 0.0522 0.2023 0.0491 0.0077 0.0841 0.0331 0.1392 0.3488 0.7248 1.1158 1.4619 1.7071 1.8861 1.9258 1.8632 1.7909 1.7292 1.6631 1.5926 1.4986 1.4008 1.3020 1.1930 1.0759 1.0231 0.9809 0.8960 0.7980 0.7547 0.6562 0.6158 0.6109 0.5930 0.5759 0.5695 0.5701 0.5720
0.9476 2.0294 2.0972 1.6897 1.8553 1.8504 1.7249 1.5355 1.1984 0.5363 0.4268 0.3551 0.0738 0.0267 0.0520 0.0794 0.0319 0.0557 0.1598 0.0756 0.0925 0.1581 0.1693 0.1851 0.1623 0.0186 0.0229 0.0233 0.0203 0.0272 0.0902 0.0659 0.0704 0.0244 0.0578 0.0097 0.2157 0.0248 0.0143 0.1869 0.0253 0.0638 0.0626 0.0439 0.1145 0.5980 1.0728 1.3938 1.5344 1.5915 1.6353 1.6595 1.6755 1.7025 1.7201 1.6878 1.6472 1.5968 1.5278 1.4644 1.3991 1.3258 1.2673 1.2351 1.1894 1.1380 1.0785 1.0305 0.9901 0.9600 0.9131
2.3229 1.6068 1.6323 1.6271 1.4360 1.6070 0.4942 0.3811 0.4994 0.2857 0.0314 0.0164 0.0100 0.0091 0.0475 0.0627 0.1048 0.0193 0.0347 0.0233 0.0112 0.0152 0.0173 0.0199 0.0146 0.4610 0.2794 0.0808 0.3903 0.3348 0.0469 0.0738 0.0900 0.5023 0.5023 0.5023 0.5023 0.0128 0.0472 0.0305 0.0301 0.0290 0.0279 0.0142 0.0210 0.0561 0.0323 0.2387 0.4459 0.7167 0.9559 1.1105 1.1893 1.2434 1.3131 1.3572 1.3777 1.3650 1.3631 1.3774 1.4141 1.4361 1.4411 1.4656 1.5168 1.5613 1.5577 1.5046 1.4565 1.4017 1.3699
0.1548 0.1910 0.0205 0.0120 0.0794 0.1753 0.1271 0.0694 0.1288 0.0649 0.0614 0.2534 0.0128 0.0248 0.0091 0.0170 0.0175 0.0693 0.0778 0.0406 0.0213 0.0245 0.0151 0.0218 0.0220 0.3589 0.0258 0.1994 0.0403 0.1915 0.0813 0.0268 0.0671 0.0287 0.0337 0.0512 0.0829 0.2155 0.1232 0.1390 0.1232 0.5000 0.5518 0.5677 1.4129 0.0258 0.0222 0.0195 0.0550 0.0487 0.1283 0.5448 0.7643 0.5653 0.8836 0.9319 0.9830 1.0778 1.0837 1.0725 1.1464 1.2253 1.2552 1.2856 1.3444 1.4241 1.4936 1.5402 1.6177 1.7437 1.7984
0.1408 0.0525 0.2936 0.0832 0.1558 0.0827 0.1429 0.1355 0.0099 0.0174 0.0139 0.0137 0.0169 0.0155 0.0182 0.0185 0.0137 0.0138 0.0121 0.0780 0.0344 0.3385 0.1036 0.2358 0.1088 0.1343 0.2922 0.0617 0.0627 0.1597 0.0509 0.0280 0.0201 0.0236 0.0155 0.0480 0.0224 0.0920 0.0198 0.0368 0.0242 0.0208 0.1631 0.0449 0.3091 0.2109 0.6897 0.2428 0.0488 0.0281 0.0231 0.0439 0.0298 0.0794 0.3706 0.4924 0.5453 0.6554 0.6120 0.6064 0.6494 1.2512 1.2929 1.4931 1.0593 1.1508 1.5869 1.6355 1.7215 1.4834 1.8541
0.3119 0.0838 0.0209 0.0187 0.0223 0.1465 0.1935 0.0144 0.0356 0.2334 0.3210 0.0923 0.0961 0.0173 0.1110 0.0129 0.1203 0.0167 0.0121 0.2734 0.0138 0.0990 0.2101 0.1092 0.4453 0.2726 0.0467 0.0770 0.0323 0.1542 0.0252 0.0547 0.2079 0.1607 0.1291 0.2498 0.0628 0.2317 0.1787 0.0900 0.1167 0.3283 0.2775 0.0717 0.3198 0.6584 0.1537 0.1329 0.3755 0.4443 0.3485 0.0619 0.0231 0.0378 0.0206 0.0225 0.0279 0.0470 0.1349 0.1089 0.0456 0.0542 0.0828 0.1408 0.2054 0.2699 0.3407 0.4176 0.4855 0.5484 0.6236
0.0959 0.1722 0.0954 0.3730 0.0971 0.1980 0.0125 0.0236 0.1027 0.1425 0.3170 0.5372 0.6695 0.7201 0.8134 0.7253 0.6772 0.6035 0.5238 0.2749 0.1718 0.0368 0.1494 0.0582 0.4267 0.0883 0.1555 0.0491 0.0425 0.0186 0.0313 0.0194 0.0763 0.1084 0.0721 0.1203 0.2264 0.2394 0.2449 0.2489 0.2425 0.2232 0.2103 0.2281 0.2503 0.2390 0.1913 0.1784 1.1030 0.8349 1.1056 0.2852 0.7858 0.0797 0.0139 0.0166 0.0183 0.0114 0.0299 0.0099 0.0265 0.0277 0.0094 0.1015 0.4036 0.2241 0.0173 0.0166 0.0167 0.0146 0.0404
0.3653 0.2485 0.1252 0.0219 0.1207 0.0452 0.0364 0.0533 0.0294 0.0638 0.0192 0.0506 0.0503 0.0433 0.0488 0.0432 0.0460 0.0455 0.0464 0.0473 0.0488 0.0494 0.0502 0.0533 0.0502 0.0471 0.0440 0.0410 0.0380 0.0351 0.0322 0.0294 0.0266 0.0239 0.0213 0.0188 0.0164 0.0139 0.0116 0.0093 0.0075 0.0171 0.0164 0.0180 0.0168 0.0179 0.0349 0.1357 0.6916 0.0573 0.4956 0.5695 0.6517 0.0980 0.1399 0.3122 0.5934 0.8638 0.6247 0.2310 0.0880 0.0954 0.1259 0.1454 0.1690 0.1917 0.2135 0.2349 0.2558 0.2763 0.2965
0.1537 0.1253 0.1530 0.1719 0.5851 0.0478 0.0583 0.1471 0.1686 0.2536 0.1931 0.1025 0.2789 0.1056 0.0765 0.2275 0.0729 0.1914 0.1229 0.4675 0.1291 0.0579 0.0122 0.0314 0.3198 0.1475 0.0993 0.1071 0.2249 0.0463 0.1070 0.0495 0.1933 0.0261 0.0625 0.0363 0.0749 0.0182 0.0319 0.0105 0.0994 0.0371 0.0434 0.0364 0.0369 0.0217 0.0293 0.1111 0.1514 0.2600 0.1217 0.1112 0.1893 0.0513 0.4550 0.4942 1.1528 1.0622 0.9451 0.4228 0.1064 0.2844 0.0888 0.0379 0.0580 0.0133 0.0294 0.0714 0.0251 0.0669 0.0420
0.0000 0.0000 0.0000 0.0000 0.0000 0.0000 0.0000 0.0000 0.0000 0.0000 0.0000 0.0000 0.0000 0.0000 0.0000 0.0000 0.0000 0.0000 0.0000 0.0000 0.0000 0.0000 0.0000 0.0000 0.0000 0.0000 0.0000 0.0000 0.0000 0.0000 0.0000 0.0000 0.0000 0.0000 0.0000 0.0000 0.0000 0.0000 0.0000 0.0000 0.0000 0.0000 0.0000 0.0000 0.0000 0.0000 0.0000 0.0000 0.0000 0.0000 0.0000 0.0000 0.0000 0.0000 0.0000 0.0000 0.0000 0.0000 0.0000 0.0000 0.0000 0.0000 0.0000 0.0000 0.0000 0.0000 0.0000 0.0000 0.0000 0.0000 0.0000
