tool_adapters/Deltares_HABITAT/example_maps/Tenryuu_river/standard_maps/waterdepth_ascending_mean.asc
ncols          735
nrows          17
xllcorner      -61262.8867
yllcorner      -118292.6406
cellsize       25
[rows 0 to 16 of 17, columns 0 to 70 of 735]
0.0000 0.0000 0.0000 0.0000 0.0000 0.0000 0.0000 0.0000 0.0000 0.0000 0.0000 0.0000 0.0000 0.0000 0.0000 0.0000 0.0000 0.0000 0.0000 0.0000 0.0000 0.0000 0.0000 0.0000 0.0000 0.0000 0.0000 0.0000 0.0000 0.0000 0.0000 0.0000 0.0000 0.0000 0.0000 0.0000 0.0000 0.0000 0.0000 0.0000 0.0000 0.0000 0.0000 0.0000 0.0000 0.0000 0.0000 0.0000 0.0000 0.0000 0.0000 0.0000 0.0000 0.0000 0.0000 0.0000 0.0000 0.0000 0.0000 0.0000 0.0000 0.0000 0.0000 0.0000 0.0000 0.0000 0.0000 0.0000 0.0000 0.0000 0.0000
0.0000 0.0090 0.0107 0.0141 0.0144 0.0134 0.0139 0.0161 0.0102 0.0256 0.0360 0.0302 0.0000 0.0000 0.0000 0.0000 0.0000 0.0000 0.0000 0.0000 0.0217 0.0231 0.0228 0.0120 0.0200 0.0252 0.0215 0.0210 0.0196 0.0192 0.0131 0.0134 0.0137 0.0141 0.0129 0.0162 0.0118 0.0096 0.0081 0.0079 0.0081 0.0083 0.0092 0.0117 0.0125 0.0650 0.0086 0.0091 0.0117 0.0109 0.0079 0.0084 0.0311 0.0091 0.0094 0.0114 0.0173 0.0213 0.0175 0.0226 0.0219 0.0137 0.8206 0.0285 0.0321 0.0310 0.0358 0.0385 0.0382 0.0437 0.0465
0.0000 1.4806 0.4624 0.1301 0.0542 0.0440 0.0258 0.0357 0.0188 0.2195 0.0650 0.0725 0.1045 0.1639 0.1041 0.0444 0.0365 0.0293 0.0136 0.0137 0.0661 0.0369 0.0180 0.0137 0.0186 0.0263 0.0271 0.0251 0.1170 0.0218 0.0225 0.0243 0.0606 0.0484 0.0271 0.0144 0.0157 0.0191 0.0253 0.0131 0.0301 0.0270 0.0209 0.1008 0.1023 0.0543 0.0445 0.0268 0.0141 0.0117 0.0225 0.0077 0.0482 0.0169 0.0079 0.0365 0.1245 0.0347 0.0294 0.0698 0.0609 0.0670 0.1382 0.0364 0.0314 0.0437 0.0393 0.0624 0.0486 0.0593 0.0674
0.0000 4.5057 1.0617 0.5553 0.2635 0.1681 0.1390 0.1270 0.1440 0.1152 0.0895 0.1114 0.1232 0.1156 0.1229 0.1297 0.1579 0.1171 0.0620 0.0394 0.0315 0.0549 0.0221 0.0208 0.0119 0.0167 0.0355 0.0489 0.0360 0.0585 0.0329 0.0332 0.0332 0.0228 0.0339 0.0295 0.0304 0.0533 0.0725 0.0336 0.0503 0.0334 0.0358 0.0339 0.0632 0.0338 0.0429 0.0253 0.0319 0.0272 0.0240 0.0176 0.0114 0.0126 0.0241 0.0503 0.0279 0.0299 0.0442 0.0399 0.0276 0.0362 0.0639 0.0572 0.0703 0.0839 0.1078 0.1369 0.1612 0.2395 0.2713
2.5233 1.9964 1.3119 0.9430 0.7376 0.6258 0.5552 0.5209 0.5112 0.4920 0.4575 0.4089 0.3192 0.2738 0.2363 0.2137 0.2059 0.2238 0.1697 0.1288 0.0986 0.0781 0.0571 0.0470 0.0362 0.0366 0.0501 0.0567 0.0467 0.0485 0.0568 0.0598 0.0533 0.0431 0.0383 0.0359 0.0373 0.0423 0.0408 0.0431 0.0429 0.0447 0.0560 0.0609 0.0489 0.0398 0.0367 0.0327 0.0292 0.0332 0.0284 0.0204 0.0216 0.0371 0.0262 0.0371 0.0398 0.0422 0.0621 0.0434 0.0900 0.0623 0.0788 0.1078 0.1372 0.1982 0.2663 0.3329 0.4536 0.5419 0.5743
2.8458 3.5346 2.6963 2.3676 2.1243 1.9302 1.7506 1.5976 1.4626 1.3224 1.1344 1.0039 0.8490 0.7807 0.7128 0.6544 0.6073 0.5664 0.4839 0.4778 0.4013 0.3133 0.2238 0.1434 0.1168 0.1361 0.1745 0.1476 0.1249 0.1044 0.0943 0.0826 0.0699 0.0583 0.0488 0.0499 0.0512 0.0508 0.0501 0.0494 0.0526 0.0555 0.0562 0.0598 0.0639 0.0560 0.0592 0.0568 0.0584 0.0583 0.0586 0.0537 0.0531 0.0527 0.0747 0.1149 0.0790 0.1042 0.1356 0.2006 0.2862 0.3648 0.4398 0.4911 0.5531 0.6054 0.6553 0.6906 0.7842 0.9365 1.1689
3.5441 3.5519 3.7333 3.6648 3.5882 3.4757 3.3708 3.2159 3.0263 2.8314 2.6457 2.4057 2.2022 1.8845 1.5999 1.3754 1.1642 1.0552 0.9059 0.8334 0.7352 0.6124 0.5896 0.5377 0.6238 0.6148 0.4560 0.3717 0.3385 0.2957 0.2359 0.1920 0.1570 0.1428 0.1338 0.1261 0.1262 0.1306 0.1323 0.1431 0.1437 0.1571 0.1649 0.1740 0.1915 0.2054 0.2253 0.2478 0.2720 0.2566 0.2178 0.2285 0.2552 0.2850 0.3288 0.4707 0.5542 0.6990 0.7553 0.7777 0.8190 0.8620 0.9106 0.9929 1.0821 1.1716 1.2710 1.5208 1.8729 2.3294 2.8436
3.6558 3.9392 4.1009 4.0520 4.1068 4.1587 4.0943 4.0027 3.8727 3.7015 3.4930 3.3130 3.1302 3.0233 2.9033 2.6659 2.4801 2.2162 2.0534 1.9219 1.7267 1.5429 1.1838 1.1716 1.1088 1.0009 0.8476 0.8257 0.7838 0.7323 0.6743 0.6380 0.6224 0.6043 0.5877 0.5736 0.5748 0.5740 0.5722 0.5803 0.5966 0.6088 0.6223 0.6434 0.6593 0.6811 0.6968 0.7083 0.6959 0.7048 0.7255 0.7389 0.7636 0.8135 0.8606 0.9663 1.1322 1.1205 1.1934 1.2876 1.3841 1.4880 1.5833 1.6951 1.8548 2.0863 2.4414 2.9382 3.3425 3.4541 3.2585
3.1849 4.0856 3.0068 2.8297 2.8405 2.9311 3.0850 3.2381 3.3608 3.4481 3.4734 3.3939 3.2709 3.1612 3.1367 3.1595 3.1424 3.1093 3.0316 2.9491 2.8754 2.7775 2.6548 2.4499 2.2230 1.8946 1.9133 1.7523 1.5875 1.4341 1.3672 1.3301 1.3088 1.2780 1.2408 1.2394 1.2193 1.2059 1.2152 1.2230 1.2324 1.2502 1.2687 1.2944 1.3277 1.3516 1.3587 1.3529 1.3632 1.3718 1.4253 1.5310 1.5990 1.6449 1.7512 1.8574 1.8396 1.9190 1.9856 2.0897 2.1994 2.2956 2.4121 2.5721 2.8064 3.0469 3.1807 3.0129 2.5461 2.1723 1.8430
2.4674 2.0464 1.5625 1.4087 1.3735 1.3974 1.4584 1.5926 1.7982 2.0286 2.2571 2.4666 2.6185 2.5880 2.5580 2.5695 2.6520 2.7745 2.9473 3.0978 3.2048 3.2881 3.3283 3.2930 3.1765 3.0003 2.7732 2.5897 2.4086 2.2637 2.1656 2.0857 2.0176 1.9729 1.9630 1.9402 1.9440 1.9436 1.9319 1.9239 1.9199 1.9196 1.9274 1.9352 1.9417 1.9492 1.9662 2.0048 2.0677 2.1596 2.2697 2.2949 2.3108 2.3461 2.3864 2.3845 2.4828 2.5447 2.6392 2.7095 2.7463 2.7760 2.8094 2.8341 2.7810 2.6128 2.3890 1.9888 1.6741 1.3580 0.7579
0.0000 3.6469 0.7611 0.6503 0.6270 0.6184 0.5887 0.5665 0.5847 0.6654 0.8118 0.9839 1.2600 1.6738 1.7751 1.8373 1.8957 1.9656 2.0773 2.2440 2.4351 2.6263 2.8256 3.0298 3.2475 3.3950 3.4519 3.3814 3.2406 3.0595 2.8837 2.7334 2.6158 2.5248 2.4604 2.4188 2.3770 2.3403 2.3160 2.3028 2.2924 2.2945 2.3069 2.3240 2.3644 2.4265 2.5040 2.5968 2.7097 2.7839 2.7703 2.7930 2.8048 2.7289 2.5707 2.4458 2.2576 2.2068 2.1421 2.2174 2.3431 2.3725 2.3288 2.2446 2.0489 1.6915 1.4427 1.2152 0.8266 0.6291 0.4088
0.0000 1.0531 0.4223 0.1011 0.1250 0.0890 0.0783 0.0696 0.0799 0.1309 0.2829 0.4179 0.5698 0.7446 0.8740 0.9857 1.0919 1.1836 1.2640 1.3562 1.5076 1.6514 1.8438 2.0610 2.2869 2.5482 2.7922 3.0310 3.2046 3.2660 3.2059 3.0878 2.9667 2.8665 2.7792 2.6940 2.6346 2.5939 2.5585 2.5232 2.5073 2.5083 2.5241 2.5834 2.6684 2.7717 2.8706 2.8962 2.8080 2.6518 2.5148 2.2726 2.0245 1.8896 1.8147 1.7241 1.6756 1.3849 1.4573 1.3298 1.2445 1.4252 1.4907 1.3540 1.1469 1.0024 0.8929 0.5549 0.3964 0.0965 0.0399
0.0000 0.0104 0.0271 0.1643 0.0160 0.0167 0.0084 0.0161 0.0141 0.0131 0.0295 0.0293 0.0353 0.0573 0.1553 0.3933 0.5114 0.6138 0.6997 0.7383 0.8062 0.8896 0.9813 1.1352 1.3196 1.5172 1.7937 2.0523 2.3285 2.5522 2.7096 2.8034 2.8489 2.8824 2.9098 2.8773 2.7774 2.6882 2.6153 2.5564 2.5159 2.5141 2.5890 2.6661 2.7542 2.7445 2.5549 2.2916 2.0104 1.5534 1.1786 0.9985 0.9034 0.8719 0.8596 0.9323 0.9756 0.8151 0.7390 0.7079 0.7049 0.6820 0.7157 0.5818 0.3804 0.3416 0.1669 0.0480 0.0271 0.0236 0.0113
0.0000 0.0094 0.0129 0.0169 0.0144 0.0144 0.0174 0.0192 0.0216 0.0216 0.0218 0.0169 0.0170 0.0171 0.0155 0.0240 0.0301 0.0295 0.0432 0.0796 0.1654 0.3284 0.3861 0.4850 0.5847 0.6986 0.8509 1.0601 1.3499 1.6843 1.9569 2.1745 2.4004 2.8398 3.1073 2.7093 2.6059 2.5669 2.4654 2.4146 2.3947 2.4455 2.4000 2.4600 2.2227 1.8307 1.7840 1.4545 1.0212 0.8823 0.8394 0.5923 0.4181 0.3486 0.3728 0.3771 0.6075 0.3899 0.2796 0.2549 0.2357 0.0884 0.0476 0.0467 0.0344 0.0230 0.0269 0.0138 0.0088 0.0162 0.0163
0.0000 0.5100 0.0089 0.1081 0.0080 0.0077 0.0103 0.0149 0.0128 0.0080 0.0201 0.0192 0.0217 0.0218 0.0228 0.0232 0.0167 0.0167 0.0147 0.0155 0.1595 0.0442 0.0500 0.0898 0.2422 0.3749 0.5399 0.6642 0.8678 1.1941 1.6619 1.9558 2.2632 3.2948 0.9856 2.6651 2.2791 1.8027 1.8860 1.9215 2.0128 1.9552 1.5960 0.8716 0.7434 0.4602 0.0488 0.0319 0.0294 0.0114 0.0081 0.0098 0.0100 0.0193 0.0170 0.0395 0.0267 0.1642 0.0346 0.0235 0.0102 0.0136 0.0100 0.0101 0.0101 0.0089 0.0532 0.0078 0.0147 0.0136 0.0175
0.0000 0.0081 0.0081 0.0080 0.0081 0.0078 0.2032 0.4692 0.5004 0.4340 0.3030 0.0894 0.0202 0.0415 0.0197 0.1637 0.3164 0.3545 0.3262 0.3084 0.0348 0.0141 0.0203 0.0237 0.0337 0.4826 0.0417 0.0889 0.0697 0.0487 0.0398 0.0368 0.0268 0.0255 0.0258 0.0165 0.0222 0.0387 0.0238 0.0115 0.0093 0.0124 0.0111 0.0168 0.0125 0.0132 0.0125 0.0449 0.0181 0.0173 0.0103 0.0269 0.0361 0.0000 0.0133 0.0118 0.0291 0.0150 0.0000 0.0000 0.0000 0.0000 0.0000 0.0000 0.0000 0.0000 0.0000 0.0000 0.0000 0.0000 0.0000
0.0000 0.0000 0.0000 0.0000 0.0000 0.0000 0.0000 0.0000 0.0000 0.0000 0.0000 0.0000 0.0000 0.0000 0.0000 0.0000 0.0000 0.0000 0.0000 0.0000 0.0000 0.0000 0.0000 0.0000 0.0000 0.0000 0.0000 0.0000 0.0000 0.0000 0.0000 0.0000 0.0000 0.0000 0.0000 0.0000 0.0000 0.0000 0.0000 0.0000 0.0000 0.0000 0.0000 0.0000 0.0000 0.0000 0.0000 0.0000 0.0000 0.0000 0.0000 0.0000 0.0000 0.0000 0.0000 0.0000 0.0000 0.0000 0.0000 0.0000 0.0000 0.0000 0.0000 0.0000 0.0000 0.0000 0.0000 0.0000 0.0000 0.0000 0.0000
