tool_adapters/Deltares_HABITAT/example_maps/Tenryuu_river/standard_maps/waterdepth_egg_min.asc
ncols          735
nrows          17
xllcorner      -61262.8867
yllcorner      -118292.6406
cellsize       25
[rows 0 to 16 of 17, columns 142 to 212 of 735]
0.0000 0.0000 0.0000 0.0000 0.0000 0.0000 0.0000 0.0000 0.0000 0.0000 0.0000 0.0000 0.0000 0.0000 0.0000 0.0000 0.0000 0.0000 0.0000 0.0000 0.0000 0.0000 0.0000 0.0000 0.0000 0.0000 0.0000 0.0000 0.0000 0.0000 0.0000 0.0000 0.0000 0.0000 0.0000 0.0000 0.0000 0.0000 0.0000 0.0000 0.0000 0.0000 0.0000 0.0000 0.0000 0.0000 0.0000 0.0000 0.0000 0.0000 0.0000 0.0000 0.0000 0.0000 0.0000 0.0000 0.0000 0.0000 0.0000 0.0000 0.0000 0.0000 0.0000 0.0000 0.0000 0.0000 0.0000 0.0000 0.0000 0.0000 0.0000
0.0080 0.0077 0.0077 0.0086 0.0362 0.0090 0.0179 0.3433 0.1545 0.1698 0.4891 0.0414 0.0308 0.1454 0.2037 0.0140 0.2534 0.6259 0.8391 1.0466 1.1301 1.5330 1.4584 2.1133 0.7949 1.9733 2.1183 0.7814 0.6765 2.0124 1.5855 0.0285 1.0643 0.0238 0.3671 0.0188 0.0159 0.5062 1.9272 2.3757 1.9210 2.2141 2.4942 2.7518 2.8707 1.7257 2.1384 3.6075 3.2920 2.4114 2.7188 3.0597 2.8714 2.6003 2.7722 2.8065 2.5767 2.3805 2.2342 2.1442 2.1153 2.1796 2.3678 2.8435 3.4324 3.8150 4.0887 4.1825 3.8568 2.9387 0.6228
0.0156 0.0076 0.1180 0.2000 0.3314 0.4898 0.6838 0.8142 1.0285 1.1039 0.9664 0.7946 0.6049 0.5435 0.5898 0.6389 0.6685 0.7119 0.7658 0.7831 0.7701 0.6925 0.9224 1.2571 1.5606 1.3898 2.0113 2.3502 2.5883 2.7700 3.4036 4.0780 4.0281 4.3796 4.1031 4.2679 3.9477 3.4929 3.2336 3.1020 3.1792 3.3178 3.4126 3.4970 3.6282 3.8874 3.3547 3.1805 3.0232 3.0118 2.8957 2.7981 2.7498 2.7407 2.4886 2.3208 2.2335 2.1605 2.0893 2.0126 1.9411 1.8850 1.8293 1.7822 1.7709 1.8891 2.2479 2.7785 3.6828 4.6114 5.0199
0.2073 0.2467 0.2508 0.2492 0.2044 0.1913 0.1540 0.1593 0.1427 0.1570 0.1797 0.1664 0.1569 0.1224 0.1309 0.1581 0.1551 0.1325 0.1193 0.1452 0.1814 0.3370 0.4857 0.4954 0.6478 1.0204 1.2628 1.6759 2.0216 2.3384 2.6782 3.1238 3.5518 3.8367 4.0291 4.0553 4.0399 3.9606 3.8523 3.7276 3.6587 3.6198 3.5686 3.5147 3.4898 3.4403 3.4087 3.2470 3.1315 3.0631 2.9728 2.8617 2.7616 2.6354 2.5381 2.4134 2.2862 2.1836 2.0927 2.0349 1.9802 1.9488 1.9011 1.8514 1.7903 1.7364 1.7155 1.7931 2.0936 2.7806 3.5086
0.0078 0.0078 0.0077 0.0081 0.0086 0.0086 0.0098 0.0084 0.0106 0.0094 0.0120 0.0088 0.0098 0.0108 0.0115 0.0268 0.0293 0.0295 0.0140 0.1153 0.2900 0.4759 0.5031 0.5469 0.9058 1.2133 1.4971 1.7770 2.0926 2.4341 2.7014 2.9090 3.0736 3.2213 3.3255 3.4406 3.5921 3.7426 3.7757 3.7415 3.6852 3.6200 3.5746 3.5499 3.5315 3.5139 3.4453 3.3955 3.3322 3.2748 3.2146 3.1389 3.0563 2.9801 2.8772 2.7715 2.6636 2.5488 2.4384 2.3199 2.2284 2.1271 2.0647 2.0353 2.0234 2.0233 2.0312 2.0578 2.1045 2.1788 2.3305
0.0358 0.0180 0.0097 0.0123 0.0133 0.0142 0.0159 0.0159 0.0166 0.0170 0.0164 0.0138 0.0142 0.0167 0.0353 0.0102 0.1336 0.3127 0.4875 0.5944 0.6577 0.7381 0.9854 1.2064 1.4837 1.7972 2.0830 2.2958 2.3623 2.4425 2.7578 2.8699 2.8030 2.7391 2.7212 2.7276 2.7747 2.8898 3.0557 3.2032 3.3152 3.4175 3.4594 3.4615 3.4559 3.4483 3.4462 3.4190 3.3996 3.3794 3.3330 3.2729 3.2196 3.1559 3.0964 3.0286 2.9569 2.8904 2.8251 2.7764 2.6892 2.6178 2.5283 2.4230 2.3347 2.2820 2.2821 2.3125 2.3622 2.4276 2.4769
0.0140 0.0170 0.0151 0.0161 0.0162 0.0165 0.0166 0.0137 0.0141 0.0148 0.0321 0.0162 0.1335 0.3328 0.4644 0.5832 0.6754 0.7516 0.8866 0.9734 1.1306 1.3249 1.6031 1.8829 2.1891 2.3942 2.4548 2.4355 2.4173 2.3348 2.3766 2.4929 2.3806 2.2634 2.1745 2.1566 2.1927 2.2837 2.4043 2.5389 2.6617 2.7641 2.8755 2.9795 3.0643 3.1321 3.1889 3.2183 3.2113 3.1973 3.1645 3.1482 3.1256 3.1052 3.0815 3.0597 3.0331 2.9921 2.9464 2.8646 2.8359 2.7874 2.7466 2.7084 2.6615 2.6057 2.5401 2.4822 2.4626 2.4420 2.4199
0.0162 0.0165 0.0163 0.0140 0.0143 0.0142 0.0390 0.0320 0.2071 0.3415 0.4690 0.5388 0.6461 0.7412 0.8948 1.0157 1.1157 1.2397 1.3898 1.5950 1.8625 2.1793 2.4434 2.5460 2.5162 2.4904 2.2517 2.0711 2.0273 1.9401 2.0486 1.9224 1.7986 1.7265 1.7027 1.7229 1.8183 1.9321 2.0396 2.1138 2.1795 2.2401 2.2917 2.3594 2.4384 2.5146 2.5816 2.6309 2.6600 2.6868 2.7361 2.7746 2.8160 2.8409 2.8495 2.8446 2.8179 2.7849 2.7411 2.7311 2.6740 2.6747 2.6820 2.6855 2.6848 2.6653 2.6214 2.5546 2.4356 2.3225 2.2153
0.0113 0.0630 0.1448 0.2818 0.3754 0.4903 0.5261 0.6927 0.8065 0.9674 1.1285 1.2295 1.3472 1.4590 1.5653 1.6743 1.8112 1.9917 2.2225 2.4910 2.6900 2.7416 2.6670 2.4675 2.2672 2.0138 1.7982 1.6952 1.5686 1.5859 1.5432 1.4053 1.3220 1.2973 1.3418 1.4698 1.5838 1.6478 1.6333 1.6227 1.6290 1.6471 1.6618 1.6903 1.7376 1.8022 1.8729 1.9527 2.0154 2.0816 2.1319 2.1870 2.2334 2.2791 2.3435 2.3888 2.4238 2.3968 2.4476 2.4285 2.3992 2.3738 2.3917 2.4427 2.4890 2.5310 2.5656 2.5518 2.4966 2.3859 2.2727
0.5485 0.6982 0.8718 1.0230 1.1721 1.3234 1.4634 1.5938 1.7118 1.8019 1.8873 1.9608 2.0329 2.1042 2.1769 2.2753 2.4310 2.6458 2.8304 2.8610 2.7486 2.5207 2.2267 1.9675 1.6892 1.5226 1.4294 1.2878 1.2179 1.2257 1.0574 0.9721 0.9481 1.0109 1.1428 1.1977 1.1459 1.1029 1.0770 1.0576 1.0547 1.0604 1.0876 1.1089 1.1290 1.1607 1.2037 1.2536 1.3191 1.3890 1.4646 1.5276 1.5974 1.6640 1.7099 1.7642 1.8140 1.9024 1.9267 2.0020 2.0524 2.0691 2.0547 2.0435 2.0921 2.1686 2.2467 2.3321 2.4055 2.4330 2.3629
1.5091 1.6977 1.8421 1.9672 2.0877 2.1910 2.2713 2.3288 2.3451 2.3366 2.3094 2.2882 2.2839 2.3022 2.3511 2.4481 2.5779 2.6338 2.5503 2.3552 2.1041 1.8321 1.5981 1.3882 1.3201 1.2028 0.9865 0.9940 0.9494 0.7605 0.7099 0.6923 0.7479 0.8065 0.7386 0.6668 0.6051 0.5611 0.5345 0.5205 0.5210 0.5401 0.5522 0.5780 0.6040 0.6188 0.6356 0.6571 0.6826 0.7095 0.7438 0.7959 0.8513 0.9159 0.9904 1.0403 1.1152 1.1586 1.2369 1.3076 1.4038 1.5104 1.5597 1.5908 1.5982 1.6333 1.7099 1.8066 1.9171 2.0478 2.1736
2.6054 2.7270 2.7543 2.7152 2.6334 2.5336 2.4340 2.3365 2.2444 2.1572 2.0974 2.0628 2.0602 2.1002 2.1680 2.2573 2.2568 2.1203 1.9026 1.6247 1.3832 1.1938 1.0769 1.0686 0.8027 0.8181 0.7834 0.6675 0.4994 0.4954 0.4919 0.4948 0.4047 0.3006 0.2472 0.2125 0.1887 0.1772 0.1674 0.1694 0.1791 0.1844 0.1934 0.1936 0.2005 0.1995 0.1991 0.2016 0.2049 0.2126 0.2248 0.2402 0.2673 0.3079 0.3670 0.4578 0.5309 0.5652 0.6249 0.6674 0.7090 0.7822 0.9087 1.0178 1.1325 1.2275 1.3480 1.5211 1.7280 1.9446 2.1819
2.8989 2.6960 2.4848 2.2986 2.1527 2.0396 1.9468 1.8655 1.7923 1.7516 1.7228 1.7177 1.7547 1.8411 1.8975 1.9041 1.7009 1.3895 1.2374 0.9874 0.8111 0.6635 0.4873 0.4887 0.4831 0.4813 0.4850 0.4725 0.3376 0.2239 0.1550 0.0965 0.0574 0.0282 0.0131 0.0109 0.0077 0.0077 0.0075 0.0076 0.0097 0.0076 0.0076 0.0077 0.0083 0.0098 0.0116 0.0085 0.0081 0.0132 0.0103 0.0108 0.0415 0.0999 0.1797 0.2627 0.3721 0.4443 0.5052 0.6319 0.6383 0.7316 0.8706 1.1447 1.3697 1.6154 1.8056 1.9674 2.1256 2.2900 2.4135
2.0149 1.8487 1.7447 1.7016 1.6828 1.6825 1.6839 1.6612 1.6023 1.5288 1.5244 1.5644 1.6077 1.6091 1.4337 1.3928 0.6758 0.4626 0.4335 0.4260 0.3682 0.3739 0.2657 0.2796 0.2475 0.1695 0.0853 0.0108 0.0198 0.0492 0.0306 0.0245 0.0134 0.0133 0.0103 0.0146 0.0113 0.0117 0.0078 0.0266 0.0423 0.0422 0.0290 0.0155 0.0108 0.0164 0.0297 0.0487 0.0192 0.0084 0.0093 0.0764 0.1668 0.2638 0.3555 0.4439 0.5203 0.6630 0.8210 0.9235 1.1723 1.3941 1.6591 1.7405 1.8784 1.9010 1.9224 1.9673 1.9456 1.8692 1.8772
0.9238 0.8932 0.9294 1.1833 1.3182 1.5259 1.7073 1.7615 1.6340 1.6086 1.5284 1.4470 1.4041 1.2514 0.6357 0.4477 0.3796 0.2491 0.1094 0.0087 0.0079 0.0143 0.0104 0.0236 0.0258 0.0251 0.0199 0.0096 0.0089 0.0080 0.0093 0.0307 0.0208 0.0196 0.0182 0.0187 0.0082 0.0308 0.0143 0.0106 0.0156 0.0187 0.0485 0.0210 0.0152 0.0131 0.0188 0.0079 0.0125 0.1048 0.2037 0.2613 0.3088 0.3356 0.3358 0.3374 0.4016 0.5416 0.7599 1.0248 1.0725 1.0087 0.7387 0.5036 0.3738 0.3945 0.4660 0.5499 0.6663 0.8416 1.1069
0.0949 0.0748 0.0104 0.0226 2.2465 0.0375 0.0256 3.6300 1.5925 1.5529 1.7148 1.5775 0.7852 0.4440 0.3450 0.1751 0.0132 0.0079 0.0085 0.0254 0.0312 0.0115 0.0124 0.0112 0.0131 0.0149 0.0140 0.0122 0.0194 0.0189 0.0208 0.0208 0.0193 0.0128 0.0192 0.0111 0.0098 0.0244 0.0188 0.0206 0.0198 0.0132 0.0124 0.0217 0.0212 0.0400 0.0101 0.0100 0.0262 0.0083 0.0086 0.0085 0.0541 0.1280 0.2319 0.3381 0.3336 0.2332 0.0819 0.0239 0.0194 0.0188 0.0176 0.0152 0.0255 0.0129 0.0862 0.2200 0.4523 0.3810 0.0448
0.0000 0.0000 0.0000 0.0000 0.0000 0.0000 0.0000 0.0000 0.0000 0.0000 0.0000 0.0000 0.0000 0.0000 0.0000 0.0000 0.0000 0.0000 0.0000 0.0000 0.0000 0.0000 0.0000 0.0000 0.0000 0.0000 0.0000 0.0000 0.0000 0.0000 0.0000 0.0000 0.0000 0.0000 0.0000 0.0000 0.0000 0.0000 0.0000 0.0000 0.0000 0.0000 0.0000 0.0000 0.0000 0.0000 0.0000 0.0000 0.0000 0.0000 0.0000 0.0000 0.0000 0.0000 0.0000 0.0000 0.0000 0.0000 0.0000 0.0000 0.0000 0.0000 0.0000 0.0000 0.0000 0.0000 0.0000 0.0000 0.0000 0.0000 0.0000
